206
0 1
0 4
1 4
6 7
8 11
8 9
9 11
8 10
10 11
9 10
12 13
9 13
9 12
10 13
5 7
5 6
6 8
7 10
7 8
6 11
2 3
2 6
2 7
3 6
3 7
2 5
5 9
7 13
6 12
6 13
2 13
7 12
15 16
1 2
2 12
5 16
4 6
1 6
1 7
6 17
7 17
1 17
2 17
3 4
0 2
19 20
20 23
2 16
19 23
1 13
3 16
0 15
1 12
1 15
0 13
0 12
4 12
21 25
21 22
22 25
24 25
22 24
21 24
15 17
11 16
8 16
9 16
8 13
6 9
3 17
6 25
6 21
6 10
4 13
17 25
17 21
4 17
26 27
11 12
12 15
6 15
11 25
5 12
5 13
0 22
0 24
0 21
2 26
1 11
1 8
5 27
4 10
15 23
22 26
4 11
4 8
7 28
15 28
23 28
22 23
23 25
29 30
22 29
25 30
24 29
31 33
25 29
32 33
31 32
6 30
17 24
17 22
27 32
26 32
27 33
7 24
7 21
7 25
10 28
11 28
8 28
12 29
13 30
29 32
28 32
4 28
4 15
13 15
34 35
36 37
19 33
23 33
29 33
29 31
30 33
32 34
30 32
29 34
30 34
10 34
35 38
11 37
8 29
34 38
8 30
33 38
32 35
31 38
11 29
40 41
33 42
34 41
41 42
34 40
28 40
28 34
34 42
43 44
33 43
31 43
42 43
37 43
33 36
45 46
41 43
41 45
40 46
41 46
33 40
2 40
40 42
3 40
3 42
3 41
2 41
2 42
47 48
43 45
43 49
50 51
33 46
33 45
49 51
52 53
54 55
43 53
28 43
28 47
28 55
57 59
57 58
58 59
51 56
43 60
57 60
61 62
61 63
62 63
61 64
62 64
63 64
61 65
62 65
67 69
66 69
47 58
50 57
51 57
61 66
48 50
62 69
64 68
68 69
69 70
61 71
61 70
66 70
66 71
62 70
72 75
65 67
69 71
61 73
63 68
72 73
62 67
64 67
74 75
73 75
73 74
76 77
76 78
67 68
61 72
77 78
63 74
63 71
63 65
65 68
65 74
70 71
76 79
68 74
78 80
77 81
71 73
71 74
78 81
72 76
77 80
48 80
80 81
65 70
72 79
61 69
75 78
74 79
66 73
48 81
63 78
48 63
68 82
68 75
68 73
68 70
50 65
69 78
66 77
71 75
66 81
71 72
44 81
70 73
50 70
65 82
63 73
66 68
65 73
72 74
70 83
74 78
74 81
71 78
50 69
74 80
76 83
78 83
69 80
73 76
63 69
62 74
62 68
62 73
65 81
64 78
63 66
74 77
71 79
73 78
72 78
78 79
62 82
64 66
69 74
70 74
66 76
61 78
67 82
71 80
65 66
71 77
70 77
73 79
73 82
66 78
65 75
64 73
61 76
61 68
61 79
61 75
57 84
59 84
64 70
64 69
71 82
66 82
86 87
64 65
65 69
62 72
64 72
67 79
65 71
68 71
66 79
64 84
64 71
63 70
79 82
75 82
72 82
75 76
68 72
64 79
66 67
78 84
80 84
66 74
70 84
61 82
75 79
71 86
64 82
61 87
73 87
73 86
66 72
67 84
67 70
63 84
71 84
63 82
81 82
89 90
68 81
89 91
76 88
61 77
80 86
73 88
69 84
60 74
90 91
82 83
70 80
69 77
74 84
71 88
66 88
72 88
68 88
69 88
62 83
92 94
64 83
93 94
92 93
94 95
92 95
94 96
95 96
93 95
69 83
67 83
92 102
96 102
92 99
92 97
93 97
94 100
60 89
101 107
93 102
92 103
92 96
93 96
98 107
60 98
97 103
94 97
60 101
105 107
101 105
98 99
96 100
60 105
60 95
98 101
94 101
99 102
97 102
94 102
95 102
94 107
60 106
104 105
93 99
96 99
92 98
96 98
102 105
101 103
93 105
100 101
80 92
102 107
97 100
99 105
94 105
80 83
103 106
74 106
108 109
70 81
93 107
93 103
93 104
98 105
86 102
92 106
95 107
96 104
100 102
91 98
70 86
98 106
91 92
95 101
102 103
95 97
97 101
96 107
94 98
95 99
99 100
93 101
95 98
92 105
96 101
99 104
95 110
95 104
92 101
94 99
95 105
99 107
98 100
94 103
97 105
89 98
96 97
90 108
97 107
93 98
101 102
88 110
88 105
88 101
88 92
85 92
85 94
88 93
88 98
88 95
92 107
85 102
97 98
98 102
97 99
100 107
98 104
92 104
97 104
93 100
101 104
99 101
90 94
96 105
95 100
92 100
102 104
112 113
91 107
91 99
90 98
112 114
113 114
115 116
116 117
113 117
113 116
99 113
112 115
112 117
115 117
105 113
97 113
96 113
100 112
96 112
95 112
95 113
95 117
101 116
113 115
119 120
121 122
123 124
125 126
118 126
114 121
114 124
114 126
128 129
128 130
129 130
120 127
121 126
120 129
120 128
126 130
125 130
120 125
120 126
121 129
122 129
122 128
131 132
131 133
132 133
120 122
132 134
122 131
121 132
120 131
131 134
120 134
133 134
127 128
120 130
135 137
128 137
129 137
138 139
128 135
128 138
135 136
140 142
136 137
138 141
135 142
137 142
133 141
134 136
143 144
120 137
120 141
131 137
145 146
138 145
141 147
141 145
145 147
136 138
136 141
139 141
138 147
149 150
148 150
148 149
151 154
152 153
153 155
152 155
156 157
151 152
152 154
149 152
158 159
145 151
146 151
151 153
148 159
150 158
149 158
151 159
160 161
156 159
156 158
152 158
147 155
139 162
146 161
145 161
146 163
145 163
154 155
152 163
146 154
153 154
146 153
146 152
146 155
151 155
162 164
162 163
148 161
148 160
160 162
165 171
151 166
148 162
167 168
168 170
167 170
148 170
151 172
162 166
148 172
169 171
165 169
140 168
142 167
142 168
142 170
169 170
166 169
167 169
162 170
162 167
173 174
175 176
174 175
162 174
142 177
177 178
142 178
162 177
142 166
142 162
142 174
179 180
166 180
166 179
170 176
170 175
169 174
142 173
168 177
167 177
166 175
166 177
177 180
183 186
180 184
181 182
184 185
166 184
180 188
187 188
181 185
181 183
185 187
189 190
185 190
190 191
192 193
181 188
172 189
172 192
197 198
189 198
199 200
196 199
193 198
196 200
202 203
201 203
201 202
196 202
196 203
204 205
201 205
