85
0 1
2 3
1 3
0 5
4 5
1 6
8 9
9 11
9 10
10 12
9 12
8 12
8 10
8 11
11 12
10 11
15 17
17 19
16 17
15 16
19 21
19 25
19 22
17 25
18 25
20 23
20 21
16 20
20 25
21 22
19 24
16 24
16 23
16 22
18 24
23 24
18 22
18 23
23 25
17 24
16 25
17 20
7 9
21 25
19 23
15 22
21 23
17 21
18 21
17 22
15 19
15 20
16 21
21 24
16 19
16 18
18 19
15 23
22 25
19 20
15 24
22 24
15 18
17 18
20 24
15 21
24 25
9 22
12 22
12 21
17 23
15 25
22 23
27 28
26 27
29 31
29 30
30 31
33 34
26 34
26 33
35 36
29 33
29 34
38 39
34 36
40 41
41 42
37 41
44 45
46 47
44 48
50 52
51 52
50 51
49 50
49 51
49 52
43 44
44 47
43 45
52 53
51 53
46 52
47 49
46 49
55 56
54 56
51 54
49 54
52 54
50 54
57 58
59 60
61 62
60 61
59 62
60 62
59 61
64 65
68 69
66 67
57 63
57 64
57 69
57 68
69 70
68 70
66 69
71 72
66 68
74 75
73 74
76 78
73 75
71 76
72 76
74 76
75 76
73 76
75 78
73 78
71 77
79 80
72 77
77 79
77 80
83 84
81 82
81 83
81 84
82 84
82 83
