241
2 3
2 6
3 6
2 8
4 5
4 6
3 4
3 5
5 7
6 8
7 8
2 4
5 9
7 9
6 9
3 8
5 6
1 4
1 6
2 9
4 9
8 9
4 7
5 8
2 5
4 8
6 7
3 9
11 12
2 7
1 7
13 14
15 16
0 9
13 15
2 16
2 15
6 16
4 15
3 15
17 18
8 16
5 16
3 7
7 16
9 16
9 15
5 15
18 19
17 19
7 15
20 23
20 21
21 23
20 22
22 23
21 22
2 10
13 17
4 19
24 25
27 28
26 28
24 29
24 31
26 27
29 31
25 29
25 31
28 30
30 31
25 30
4 26
24 30
33 34
20 26
35 36
20 27
22 26
4 13
13 26
4 31
3 31
8 31
6 31
28 29
24 28
28 31
27 36
17 26
18 26
22 27
17 27
26 34
37 38
38 39
37 39
19 27
27 38
17 35
18 35
27 39
26 39
29 30
4 27
25 28
13 24
31 38
31 37
23 24
22 37
23 28
20 37
20 24
23 31
27 34
21 24
20 39
13 22
14 22
13 21
20 31
26 37
26 36
17 34
26 38
17 38
19 32
17 32
20 25
13 38
23 26
3 37
17 24
3 38
27 40
27 37
13 36
3 29
32 42
23 36
41 42
23 37
22 38
12 43
20 38
30 35
23 38
45 47
46 47
45 46
32 37
26 45
18 48
38 42
37 42
37 40
48 49
33 49
34 49
39 49
50 51
50 52
50 53
44 45
34 50
44 46
50 54
32 39
51 52
51 53
52 54
34 52
37 50
37 52
37 54
25 40
38 51
39 51
26 48
26 49
26 33
33 37
28 40
28 41
3 49
4 49
40 41
45 52
46 50
26 31
47 50
24 52
46 49
24 26
46 51
12 56
26 58
26 57
57 58
51 58
26 51
49 50
49 54
48 50
48 55
59 60
29 59
22 58
23 25
12 26
12 58
20 50
22 50
21 50
12 57
23 50
26 56
44 47
41 51
61 63
61 62
62 63
26 62
57 61
26 61
26 55
64 65
55 65
55 64
66 69
72 76
72 74
73 75
74 76
66 72
73 76
12 77
66 76
69 76
66 70
70 72
69 73
71 72
69 70
70 73
70 76
72 73
71 76
73 74
26 71
66 73
71 73
69 72
69 74
66 74
68 73
4 78
79 81
4 79
78 79
78 81
4 81
70 71
79 80
51 72
51 81
51 80
78 80
53 78
80 81
53 81
41 72
75 76
82 83
83 85
84 85
82 85
71 74
83 84
82 84
66 68
86 90
90 93
66 71
87 98
86 87
87 93
90 91
86 91
91 93
92 99
88 92
86 97
89 98
91 95
91 97
95 96
96 101
96 97
97 101
98 101
87 89
91 96
90 97
86 96
93 98
93 101
93 97
89 97
87 90
87 97
90 95
86 94
86 88
97 98
87 91
91 99
88 90
88 96
88 97
96 98
89 101
90 99
90 92
26 85
85 88
57 85
26 80
57 80
89 93
92 94
57 92
26 98
26 101
57 82
57 94
91 92
26 96
26 91
96 99
57 89
26 94
57 91
64 69
57 93
57 97
95 98
72 79
74 79
70 79
64 72
89 90
64 73
64 74
86 101
88 93
57 101
93 96
94 96
86 95
86 89
89 92
89 95
95 101
87 92
92 96
92 93
68 69
94 98
88 89
84 86
93 95
89 91
88 91
74 75
88 95
94 97
86 92
89 96
94 99
68 76
58 90
26 102
57 102
90 96
64 100
55 96
58 100
64 102
55 102
92 97
58 97
97 99
58 88
88 94
58 101
93 94
58 93
86 93
88 101
72 78
91 101
90 101
79 91
79 96
79 97
103 104
69 91
81 92
80 92
69 89
81 89
79 103
92 98
62 100
86 99
105 106
63 100
61 93
92 101
107 108
107 109
108 109
107 110
108 110
109 110
87 101
108 115
113 115
113 114
111 112
114 115
113 116
70 75
114 116
83 105
115 116
61 100
94 101
84 105
81 116
117 130
110 123
118 123
81 97
121 127
121 130
122 127
118 122
118 130
117 123
123 130
119 123
118 119
122 125
120 122
124 129
120 124
90 102
118 121
119 130
117 119
126 128
126 129
122 124
124 127
120 129
117 122
120 121
88 113
125 129
120 125
122 130
122 129
118 129
128 129
112 114
112 115
111 115
121 129
119 127
119 122
127 129
112 116
124 126
123 127
118 127
117 118
124 128
125 128
119 129
125 126
120 126
124 125
121 128
120 130
121 122
41 121
119 126
123 126
118 126
41 122
118 125
117 129
111 113
93 113
96 116
120 123
112 113
96 115
96 113
118 120
87 99
87 88
103 115
127 130
87 94
87 96
90 94
117 121
99 101
125 127
110 113
108 113
81 84
117 120
120 127
123 124
107 113
117 126
117 124
97 104
124 130
119 120
81 83
89 94
113 129
81 82
113 119
120 128
111 124
119 124
107 115
103 126
104 126
108 130
94 95
108 122
104 108
81 128
121 123
121 126
103 131
71 131
92 110
112 131
71 112
83 93
129 130
91 109
97 115
91 107
96 102
90 128
97 128
91 120
93 102
95 108
89 110
99 122
90 98
117 125
126 130
123 125
71 90
119 121
118 128
125 130
92 95
84 122
132 148
132 133
95 97
84 120
133 148
127 128
134 135
134 136
132 134
132 135
132 144
85 127
135 136
133 136
105 108
139 147
119 125
133 134
134 148
136 148
139 143
136 137
137 138
137 139
137 147
121 125
134 144
135 148
144 148
137 143
136 139
136 138
138 147
141 142
141 146
136 147
138 148
139 148
140 142
145 146
133 135
147 148
137 141
138 139
140 141
108 123
108 118
136 142
109 124
140 143
137 142
137 146
140 146
142 146
142 145
132 138
138 143
143 147
134 147
108 124
110 124
109 120
137 140
137 145
137 148
133 139
133 146
136 145
133 147
110 122
139 146
134 143
132 137
107 129
107 126
107 123
134 141
123 129
146 148
109 118
143 145
140 147
141 147
105 124
133 137
139 142
140 148
145 147
141 148
135 144
133 144
142 148
143 144
61 109
142 144
132 146
145 148
132 143
143 146
132 145
138 146
139 141
91 131
143 148
132 136
136 144
133 145
136 143
134 137
138 140
134 145
133 141
132 142
133 143
135 137
134 140
132 141
136 141
137 144
121 124
117 127
141 145
142 143
138 142
138 141
71 123
138 145
91 94
139 140
63 107
134 142
62 110
71 130
63 108
128 130
99 130
99 117
91 117
88 130
105 121
91 122
91 127
133 140
136 146
121 135
146 147
129 136
97 105
129 135
125 135
97 106
129 148
124 137
136 140
130 137
120 138
97 149
130 146
125 145
121 144
125 141
125 138
125 143
120 143
92 137
92 130
119 136
85 135
125 136
130 133
141 143
91 137
94 137
61 148
140 145
62 140
63 140
94 130
62 145
140 144
135 141
96 130
88 122
63 137
100 107
88 129
141 144
110 132
108 135
86 122
110 144
109 135
63 124
135 140
93 122
93 108
62 126
107 121
61 110
96 121
93 126
135 146
96 122
94 121
132 147
119 128
93 110
62 108
62 124
133 142
62 129
109 129
144 146
135 142
84 100
86 127
96 127
144 145
150 151
150 152
85 132
139 144
108 117
118 124
153 154
96 152
84 134
85 145
85 142
85 148
151 152
100 143
152 154
94 122
127 150
94 150
155 159
155 156
155 160
85 150
156 159
121 155
138 144
156 160
156 157
122 157
157 159
88 157
88 160
93 157
134 138
88 159
122 160
122 156
157 160
159 160
71 145
71 144
122 159
131 136
86 154
71 136
135 147
96 157
71 152
155 158
71 85
85 94
135 145
135 138
71 84
71 154
131 154
71 94
71 135
94 154
131 157
85 160
85 146
85 144
83 122
135 161
161 162
137 154
144 157
131 160
131 141
140 160
84 142
84 145
96 156
71 140
154 160
148 157
140 154
136 160
71 148
122 138
144 156
140 157
140 156
140 159
71 86
131 156
131 144
150 157
136 157
122 132
136 159
132 140
134 146
152 162
134 155
144 155
143 151
151 155
140 151
163 164
163 181
144 150
164 181
140 155
151 158
144 151
142 147
143 150
122 161
133 150
160 162
165 166
97 150
97 152
149 150
149 151
171 182
171 172
174 182
170 174
171 174
164 175
164 176
176 178
177 178
177 181
163 177
177 180
168 179
168 184
150 168
150 179
150 184
164 178
170 171
178 181
179 184
152 179
167 175
168 177
168 178
163 178
150 167
178 180
173 180
167 173
170 182
173 175
175 181
168 181
151 179
151 184
150 182
164 182
164 183
167 172
179 180
167 184
172 174
149 156
149 159
97 122
170 183
172 182
172 183
167 182
175 180
167 176
169 182
170 178
170 180
164 180
174 176
176 184
150 169
150 180
150 183
150 172
173 183
182 183
177 183
163 173
163 183
170 172
168 175
168 173
164 172
172 178
176 180
173 177
150 170
169 183
150 173
171 183
150 163
172 173
172 184
172 180
167 174
148 174
171 176
176 183
171 178
164 167
148 164
173 182
167 183
174 180
174 183
163 175
172 176
172 177
171 184
160 185
148 185
122 148
167 171
171 180
167 170
166 171
166 183
164 177
164 168
148 160
167 180
180 181
179 185
102 148
164 174
174 175
132 160
162 185
163 174
173 176
168 176
167 168
163 172
167 178
156 166
168 172
162 179
170 176
164 171
180 184
163 170
167 169
174 181
149 165
163 176
169 173
172 181
97 165
154 162
163 168
168 180
164 170
178 184
172 175
176 177
177 184
163 184
173 178
180 182
175 176
174 178
168 174
166 178
162 168
180 183
165 174
163 167
162 174
165 168
154 172
154 178
183 184
155 174
171 179
164 184
148 175
132 167
154 166
154 165
173 174
148 168
163 180
148 181
176 181
102 176
102 173
102 172
102 180
102 166
173 181
154 161
185 188
154 187
188 189
154 176
173 186
161 188
162 188
162 189
102 162
102 188
102 189
161 189
154 189
164 173
168 170
163 189
166 168
166 188
171 177
171 188
165 188
171 173
149 190
164 188
173 184
163 171
132 188
170 173
186 191
163 190
173 190
163 182
186 188
169 171
169 176
171 175
170 175
167 181
176 191
163 191
176 190
175 177
169 177
148 155
174 177
193 194
192 195
192 193
193 195
175 178
192 194
155 183
132 194
194 195
169 178
166 172
182 184
196 197
178 183
168 183
175 183
171 181
171 198
175 184
163 198
148 192
195 199
192 199
200 201
186 187
165 187
148 165
148 187
148 166
132 193
166 187
187 192
195 201
195 200
166 195
193 200
196 205
203 205
204 205
203 204
204 206
205 206
207 208
187 205
193 204
199 206
195 204
155 202
194 199
165 202
165 199
209 210
148 198
165 210
155 195
211 213
139 213
155 192
212 213
211 212
192 210
158 192
207 210
192 204
155 204
155 203
194 214
195 214
207 209
208 209
204 213
192 214
192 213
195 213
192 212
195 211
206 213
201 204
203 206
192 206
192 203
216 217
194 216
194 213
194 212
213 215
194 215
218 219
207 215
192 207
195 207
195 208
194 208
194 207
207 213
207 221
213 221
221 222
213 222
223 226
223 224
221 223
222 223
221 224
222 224
221 226
222 226
224 226
220 225
227 228
230 231
232 233
235 236
203 237
239 240
230 232
230 233
231 232
231 233
236 239
235 239
235 240
236 240
237 238
