422
0 1
2 7
4 8
6 8
4 6
9 13
10 15
10 17
9 14
9 17
12 13
1 8
13 14
14 15
0 8
12 17
11 15
11 16
11 14
9 15
13 15
0 4
14 16
15 16
9 12
15 17
12 14
11 12
18 19
18 22
18 20
19 20
10 16
16 17
19 22
13 17
14 17
9 16
12 16
20 22
10 14
10 13
13 16
3 6
8 12
13 22
14 19
4 22
7 9
8 15
7 17
2 13
2 9
3 5
8 13
4 17
4 13
8 17
14 21
4 15
2 16
2 4
12 21
4 16
12 15
11 13
9 11
17 20
16 18
17 18
10 21
16 21
9 21
17 21
5 6
9 10
18 21
16 22
23 24
15 21
10 11
14 25
12 22
27 28
26 28
26 29
26 27
27 29
30 31
32 33
32 35
33 35
2 17
32 34
28 29
33 34
34 35
36 39
36 37
37 39
38 39
10 12
24 31
24 29
36 38
29 31
41 43
40 45
40 43
43 45
40 41
42 45
32 36
40 42
41 45
41 42
37 38
42 43
36 45
36 43
27 43
27 45
28 43
28 41
25 31
15 31
44 46
16 35
16 34
17 34
16 32
10 25
14 35
47 48
36 47
9 47
2 41
13 37
13 25
15 47
14 48
49 51
36 48
31 45
6 47
15 25
17 25
31 43
41 51
6 36
37 47
50 51
43 51
42 51
52 53
28 45
52 54
53 54
28 50
43 50
31 49
36 51
31 51
30 49
44 49
26 45
38 50
34 51
35 51
55 56
46 49
6 51
56 57
44 51
43 53
43 54
28 44
55 57
37 43
59 61
46 53
58 59
58 61
58 60
60 61
58 62
59 62
61 62
59 60
44 54
41 57
23 44
64 65
36 49
66 68
67 68
66 67
37 57
41 55
47 49
47 51
48 51
63 64
36 60
36 65
37 65
39 42
69 70
70 72
70 71
71 72
69 71
69 72
32 63
41 60
54 64
73 75
60 62
53 64
73 74
74 75
39 51
75 76
61 65
73 77
75 77
74 76
49 57
51 56
74 77
37 42
45 70
36 41
37 40
78 79
37 41
51 65
73 76
62 69
32 62
34 45
58 69
45 71
41 71
41 72
41 70
80 82
80 81
37 69
81 82
36 70
54 62
40 53
41 53
76 77
53 73
54 73
1 69
54 75
45 77
41 73
62 75
41 61
45 76
59 74
67 79
61 77
51 64
23 70
23 71
77 80
75 80
47 79
39 72
74 80
73 80
76 80
47 80
44 71
44 69
48 77
1 37
37 44
43 56
56 69
55 77
57 77
42 73
44 77
55 73
55 80
55 75
44 75
41 76
84 85
43 70
1 38
86 90
86 88
86 87
87 88
87 90
88 90
51 70
34 66
84 90
7 100
91 100
36 40
72 77
43 76
81 90
39 77
49 75
43 98
38 51
49 73
51 73
51 72
68 76
68 74
95 96
93 96
1 49
99 101
91 104
91 92
100 101
101 111
108 110
95 109
93 94
94 95
91 101
91 112
93 95
91 110
91 111
91 99
95 112
92 105
38 84
109 112
92 99
97 103
97 109
92 107
94 109
99 111
100 108
95 102
100 110
92 100
102 112
94 102
103 110
106 107
94 96
73 90
99 100
95 99
75 96
101 107
75 93
80 88
45 98
100 111
68 73
66 73
105 107
45 63
80 90
66 72
93 99
41 68
39 41
84 93
96 112
93 112
91 94
94 112
40 112
96 109
93 109
96 111
100 107
39 111
40 95
74 85
70 84
70 85
41 95
41 112
41 111
94 111
91 109
93 101
101 108
37 64
40 88
73 86
101 112
101 109
63 79
39 93
41 88
39 107
108 112
77 90
95 111
91 103
106 109
107 109
36 111
91 108
38 85
39 73
70 90
70 88
95 101
96 101
100 106
111 112
93 107
71 90
69 73
97 107
69 77
72 73
70 73
45 90
102 107
105 111
73 110
73 112
69 90
45 75
91 95
69 88
22 39
109 111
99 107
22 41
22 76
22 74
22 73
92 95
22 75
93 105
1 72
110 112
1 103
85 111
84 111
99 109
92 97
93 111
116 118
116 119
116 117
117 119
117 118
118 119
0 49
96 108
102 110
102 105
102 111
93 102
0 51
111 115
94 100
95 105
103 107
69 105
88 93
93 108
64 102
70 112
70 101
95 100
94 99
94 97
99 112
90 96
108 111
94 107
121 135
95 108
64 118
64 116
51 68
95 110
92 112
92 101
92 109
80 83
90 102
110 111
84 116
118 123
123 136
116 123
124 128
125 133
127 128
125 135
125 128
122 125
124 129
120 129
124 126
120 124
130 134
121 130
131 132
121 134
63 80
66 111
72 124
71 124
91 102
93 110
133 135
101 105
134 146
126 127
128 136
92 102
123 128
118 125
116 125
116 120
91 93
122 133
126 135
71 129
121 124
97 105
132 134
71 117
97 113
126 133
127 135
120 135
122 126
120 127
120 125
123 126
123 124
95 103
120 122
127 129
125 136
121 125
125 130
125 134
105 115
123 127
122 124
124 127
115 136
123 135
122 123
124 131
122 135
122 127
120 123
137 138
96 97
132 136
120 133
102 108
124 134
97 110
122 134
124 130
113 117
90 115
113 115
121 136
51 66
125 126
126 136
125 131
133 136
101 102
95 97
122 131
123 131
109 110
105 110
113 135
124 132
49 127
49 113
49 131
51 131
51 113
79 80
126 134
113 129
131 134
115 120
90 131
123 133
90 109
129 135
97 102
88 112
103 109
109 129
95 135
93 103
96 102
115 137
124 125
95 107
106 116
101 103
88 136
96 110
99 127
103 111
100 103
102 130
112 124
103 125
95 130
125 127
123 125
111 124
128 129
112 118
129 133
109 124
140 142
140 141
94 101
141 142
141 143
93 116
142 143
51 133
51 122
111 131
140 143
122 129
111 132
121 127
121 122
127 130
128 134
134 136
107 123
109 118
122 130
118 124
116 124
96 116
122 128
128 130
49 144
51 144
130 136
93 119
93 117
49 150
51 150
118 131
122 136
100 105
106 111
91 96
129 131
103 124
107 124
139 142
131 135
107 131
94 124
120 131
107 111
120 132
108 118
124 135
132 135
103 106
120 128
129 132
90 121
109 128
99 110
94 139
92 96
107 108
124 133
96 103
144 148
144 150
148 150
92 128
93 147
88 91
105 109
86 91
102 109
123 132
126 132
112 147
105 112
136 139
96 99
94 105
51 141
128 133
128 135
51 143
97 99
90 93
49 143
91 124
93 124
91 133
91 135
107 112
49 128
136 143
111 123
96 107
110 131
153 158
128 142
136 142
51 111
133 150
156 160
96 148
145 157
153 157
157 165
152 158
145 153
145 165
153 165
158 164
158 165
159 163
131 133
155 156
154 155
154 164
154 166
88 143
152 165
164 165
164 166
145 154
154 163
152 157
92 94
152 164
145 163
163 165
163 166
102 142
129 148
152 153
124 150
133 148
120 150
154 165
152 161
88 150
120 148
137 150
137 143
108 109
123 149
100 109
145 158
161 166
141 150
153 161
142 150
142 148
143 148
157 164
86 109
87 109
158 159
145 164
162 166
138 150
154 161
157 161
162 163
151 160
154 162
151 162
127 131
139 148
90 135
155 162
153 156
156 165
151 161
158 163
156 162
159 160
159 166
114 138
120 126
157 166
135 136
120 136
155 164
161 165
145 155
143 144
165 166
151 157
151 165
155 157
160 166
155 166
137 148
114 123
123 142
160 165
116 142
114 143
123 141
114 141
116 126
157 158
84 150
139 140
143 147
157 163
147 148
147 150
84 142
85 142
84 143
125 158
145 166
85 141
154 156
145 161
153 160
157 159
127 133
128 154
151 158
151 163
153 164
147 166
155 161
117 148
156 166
126 129
145 151
123 129
145 152
119 148
156 158
151 152
158 166
155 165
158 162
168 169
127 132
152 155
66 148
155 159
138 139
148 151
137 139
135 148
127 144
132 144
127 148
136 150
125 150
153 159
124 166
128 132
128 148
66 157
124 164
124 136
135 150
159 165
124 169
131 169
162 164
156 164
151 164
144 169
158 160
153 163
150 169
127 168
152 156
161 162
156 163
152 166
157 160
171 172
171 174
172 174
154 158
151 166
145 156
55 118
118 133
55 133
56 117
55 116
116 133
173 174
116 174
55 150
57 150
118 132
117 174
57 125
134 135
117 122
153 154
157 162
123 169
162 165
180 184
153 162
172 185
170 172
172 182
132 174
175 181
170 182
175 183
171 188
179 188
85 161
181 188
184 188
174 182
175 177
152 159
176 177
170 180
170 185
175 178
171 178
154 160
151 153
156 157
152 154
152 163
176 181
176 183
179 184
186 187
178 181
162 179
162 184
175 184
177 182
158 168
175 188
161 164
162 176
177 179
162 181
154 157
162 177
171 184
176 185
176 182
180 182
118 174
175 182
170 183
171 185
171 180
85 168
189 190
175 180
159 161
172 177
171 177
176 184
182 185
118 173
183 188
66 169
170 181
181 182
114 158
170 188
176 188
173 180
185 188
177 185
152 160
116 173
177 188
171 175
175 179
181 183
182 184
177 184
180 188
57 134
134 191
57 191
171 179
180 185
172 180
171 176
179 182
182 188
114 162
179 180
168 173
49 173
172 175
51 169
49 169
170 175
189 191
180 181
184 185
170 179
170 177
178 188
134 189
172 179
172 181
170 184
176 180
151 159
121 186
153 174
169 186
154 159
134 169
85 166
158 173
169 191
158 174
149 192
51 186
192 195
149 194
116 169
116 191
118 169
149 195
192 193
149 193
172 188
121 169
51 191
193 194
194 195
186 191
49 121
168 191
177 180
168 186
155 163
193 195
121 181
142 191
165 194
142 186
134 142
181 185
116 168
192 194
118 134
153 185
153 180
117 191
121 153
174 180
114 184
57 173
116 134
57 174
117 134
145 182
153 166
117 189
153 155
134 190
177 183
51 165
145 188
166 188
118 189
163 164
116 189
57 118
121 174
197 203
197 207
186 188
164 188
196 199
199 202
196 202
196 208
178 180
203 205
154 188
161 188
163 188
178 184
167 173
121 162
202 206
196 206
196 197
152 188
51 162
205 206
201 204
51 151
49 151
162 188
114 191
196 205
145 162
116 186
118 186
161 163
85 156
202 205
85 145
85 163
201 207
197 204
203 206
202 203
201 202
201 205
198 201
204 207
203 208
201 206
85 154
121 179
166 189
199 203
151 188
132 209
196 203
205 208
206 208
202 208
49 171
209 214
209 213
209 212
209 211
149 166
153 189
197 201
49 185
211 214
211 213
211 212
212 214
212 213
213 214
121 171
49 181
198 204
51 181
51 170
49 170
51 177
49 175
49 184
51 116
51 180
49 180
197 198
214 218
49 182
133 215
215 217
209 218
197 200
198 203
133 217
188 199
215 216
215 222
188 202
216 217
216 222
201 203
166 177
188 205
217 222
212 218
166 180
211 218
177 181
213 218
199 206
68 172
166 171
198 208
151 184
151 182
151 177
166 195
201 214
199 219
196 219
201 219
198 219
198 206
220 221
199 204
199 207
196 198
196 201
153 171
202 207
151 180
197 206
166 185
121 147
166 211
196 207
204 219
205 219
147 210
200 207
206 207
199 205
165 182
171 182
121 189
159 180
198 215
160 182
49 174
166 215
206 219
202 219
166 217
153 182
159 172
216 221
221 222
177 212
159 171
188 209
160 177
153 181
197 205
68 212
198 199
196 204
68 209
114 189
49 189
189 210
153 177
68 188
174 211
166 181
166 222
68 213
153 184
66 166
170 194
159 184
197 202
166 184
151 174
205 217
149 170
172 184
164 175
164 177
159 196
185 219
151 219
160 206
151 198
185 204
199 201
174 215
188 196
170 219
153 219
153 179
188 198
173 217
223 224
174 222
164 182
51 189
179 204
51 121
183 204
203 207
204 217
149 199
193 198
164 219
197 199
194 215
170 171
177 219
153 175
149 205
165 185
165 171
189 217
165 175
153 172
174 223
181 184
213 215
209 222
213 222
221 224
165 177
184 223
164 223
212 217
197 213
192 216
153 188
195 216
202 204
174 175
173 182
198 205
149 217
147 217
174 184
174 188
226 231
226 228
226 227
226 229
227 231
227 229
227 228
147 222
228 231
228 229
229 231
215 223
171 173
189 215
227 230
147 195
230 231
118 185
229 230
173 185
174 185
209 215
197 219
203 219
207 219
174 176
198 207
170 176
171 183
232 234
234 240
172 183
117 177
118 171
175 185
228 234
234 239
229 234
180 235
238 241
238 243
239 241
229 232
229 242
235 240
241 243
234 241
233 238
204 208
203 204
226 242
174 224
228 235
51 201
207 208
228 236
242 243
234 238
51 192
229 236
231 232
228 240
228 243
194 199
209 217
244 245
237 244
244 246
186 245
232 242
186 246
233 241
230 246
234 243
232 233
233 243
173 240
174 240
134 225
232 243
51 224
134 210
174 243
228 241
230 244
234 242
233 234
233 242
233 236
236 242
229 241
233 235
233 237
229 233
51 233
224 245
194 196
229 238
234 236
232 240
225 233
226 243
229 243
232 236
229 239
224 240
223 233
147 235
147 226
240 242
224 233
121 215
223 241
199 210
226 233
210 219
116 182
117 182
224 241
219 222
226 236
221 244
191 244
199 208
228 233
204 215
193 219
231 236
238 242
228 242
238 240
193 206
211 234
121 240
235 237
223 227
223 230
228 232
201 242
121 231
224 227
212 245
226 241
193 237
226 240
231 235
226 235
209 244
209 245
226 238
174 227
214 244
232 238
208 219
209 228
241 242
212 228
231 243
134 230
202 234
199 232
219 233
204 233
196 241
134 227
191 227
213 229
195 205
202 240
208 235
194 237
213 219
219 229
198 231
149 237
205 214
214 228
231 234
203 234
197 234
199 236
149 196
194 205
232 241
205 241
197 231
211 237
195 218
218 244
228 238
234 235
194 208
197 241
226 239
197 238
214 245
202 237
149 204
231 240
229 240
213 245
229 235
211 244
195 211
213 244
205 212
248 249
218 219
235 241
211 245
192 217
218 245
219 230
196 271
196 227
206 230
212 244
206 227
205 207
231 242
233 240
213 230
218 230
204 213
239 243
213 248
231 241
235 243
203 214
205 218
238 239
251 253
230 242
245 251
240 243
214 253
233 239
240 241
221 235
175 250
248 253
237 252
198 202
204 205
240 249
210 237
234 237
240 248
246 252
237 248
232 239
255 256
210 247
199 243
199 238
207 234
204 243
208 236
203 236
198 234
219 234
251 252
205 233
226 230
216 237
217 237
199 233
196 233
219 232
197 243
250 256
207 232
203 238
214 252
248 252
202 233
241 253
214 248
229 253
250 255
205 232
175 256
207 240
198 240
199 242
196 242
207 235
219 250
198 243
199 228
235 242
207 228
206 234
219 228
175 255
208 233
207 233
221 251
206 228
219 238
208 229
199 234
219 243
195 252
246 247
222 246
196 243
203 242
197 229
203 229
204 241
204 242
195 248
207 242
149 248
219 236
196 228
197 236
193 202
237 249
222 229
199 249
198 235
241 249
236 241
207 249
235 236
199 241
232 235
246 253
203 217
207 229
251 257
197 217
207 238
252 257
251 258
252 253
197 222
207 243
207 236
252 258
206 248
253 258
217 219
196 234
196 238
203 228
239 242
203 241
114 247
203 232
196 222
196 229
198 242
205 243
232 247
204 234
196 235
235 239
198 236
198 232
114 198
221 230
200 233
196 247
232 250
175 247
175 232
260 269
232 246
261 269
261 265
261 266
235 265
197 268
237 262
264 267
264 270
235 261
197 235
265 266
267 268
260 265
247 264
235 270
235 266
197 269
259 262
235 264
258 260
197 264
197 270
258 265
266 270
267 270
265 270
261 270
235 267
265 269
258 262
197 267
260 261
200 264
264 266
259 269
262 269
200 270
268 270
259 260
260 262
197 261
197 258
200 258
200 262
197 262
237 247
197 260
264 268
235 262
261 262
197 259
200 260
260 264
235 269
262 266
261 268
269 270
266 269
262 270
261 264
258 268
262 268
193 248
260 270
264 265
272 274
272 278
272 273
273 274
273 278
200 266
274 278
264 269
235 258
260 267
189 263
221 272
258 266
221 278
275 277
275 276
276 277
217 220
262 267
266 268
262 264
197 266
260 272
235 278
279 282
279 283
265 272
265 268
265 278
189 270
263 270
189 262
258 267
282 283
262 265
285 286
259 261
287 288
287 305
287 290
263 268
288 305
288 290
288 289
289 305
289 290
290 305
280 283
235 260
249 282
200 269
293 303
262 263
281 284
297 300
290 297
293 305
298 303
299 303
291 303
291 292
300 302
301 305
301 304
260 268
235 268
302 305
297 302
288 293
292 293
298 305
285 290
301 303
295 297
289 297
291 293
290 301
290 304
288 304
289 295
303 305
298 302
293 294
285 287
297 305
291 294
287 294
290 302
288 299
294 299
294 304
295 301
293 299
292 298
292 304
295 302
292 297
287 292
289 304
300 301
295 300
288 302
294 297
297 304
287 293
290 299
288 295
288 300
289 294
258 264
297 301
258 259
262 307
291 299
268 269
230 278
189 273
297 298
295 298
287 299
290 291
294 300
291 300
260 266
293 301
290 293
298 299
290 298
259 267
294 305
286 291
299 300
285 299
297 299
287 291
292 299
261 267
258 269
293 297
292 300
286 295
285 298
289 298
259 266
285 302
267 269
298 300
287 301
288 301
288 294
292 294
287 297
293 304
291 304
259 270
298 304
293 300
258 270
291 298
287 300
288 292
292 301
266 267
189 280
295 299
300 303
289 301
290 295
269 307
189 278
258 307
294 298
292 303
299 304
230 263
303 304
278 282
261 282
289 291
269 292
272 303
270 298
197 282
197 283
270 303
262 283
261 299
235 292
278 300
278 299
272 300
270 272
248 293
197 300
197 304
270 288
262 300
270 302
266 304
262 294
262 292
262 304
308 309
264 300
264 294
235 300
235 297
189 230
297 303
265 297
298 301
267 292
266 294
292 302
289 303
291 301
291 305
235 248
290 292
293 298
289 302
291 297
227 263
302 304
259 264
288 298
259 268
290 300
276 294
295 303
251 299
189 290
291 302
288 297
290 294
189 305
197 265
189 295
287 298
287 303
300 304
294 303
197 249
258 261
313 314
314 318
315 317
313 315
315 316
312 315
312 316
311 318
312 317
317 318
313 317
299 305
313 318
306 309
189 301
189 293
310 318
310 314
310 315
313 316
290 303
295 304
251 308
310 312
310 317
283 309
311 313
312 314
310 313
299 301
316 318
259 265
315 318
312 318
268 317
189 264
189 269
195 269
289 293
270 318
235 296
194 310
301 302
299 302
287 289
270 313
189 316
189 312
316 317
258 310
310 316
263 297
284 294
263 299
314 316
287 304
314 317
200 265
200 261
270 296
264 317
264 316
264 310
283 312
289 300
311 317
262 312
294 301
268 318
264 277
270 315
279 280
261 313
264 313
293 295
262 313
276 316
298 319
277 312
304 319
289 292
275 320
282 316
288 303
280 282
280 320
283 320
293 314
312 319
312 313
275 280
275 283
287 319
276 280
276 283
320 321
302 303
302 313
287 313
321 322
290 318
288 313
320 322
277 283
303 309
298 312
289 312
298 318
288 291
303 314
302 317
300 310
302 310
292 305
292 310
303 319
304 310
265 320
300 317
288 319
265 267
263 310
290 319
297 319
297 313
300 319
290 313
300 305
292 319
292 295
261 307
307 323
293 313
299 313
265 307
303 318
303 313
197 307
267 307
263 313
302 319
304 305
230 261
316 322
270 309
263 302
263 289
263 319
320 323
263 323
306 308
301 323
263 317
299 319
263 318
263 281
305 319
301 319
264 304
264 287
266 298
289 299
264 298
265 304
235 319
262 316
293 302
200 287
299 308
291 308
263 315
264 292
293 319
258 287
266 291
260 301
261 298
261 289
235 303
258 303
258 291
325 330
261 288
269 298
269 304
197 293
265 299
264 319
264 299
261 291
261 305
269 319
267 302
262 287
270 305
268 300
268 295
262 291
270 319
259 301
264 303
326 329
326 327
270 291
265 281
260 303
235 293
259 302
268 297
328 329
260 300
259 300
262 301
260 288
268 303
327 329
264 297
260 299
197 297
265 303
260 304
235 299
269 291
269 299
261 304
260 319
297 325
197 325
258 292
291 319
326 328
258 297
261 293
258 288
258 319
266 319
262 295
260 287
266 303
266 305
264 305
265 287
262 288
322 326
264 327
327 328
266 295
265 302
266 290
227 326
227 327
266 288
267 303
258 302
270 304
258 295
258 300
259 288
261 300
261 302
265 292
260 305
260 290
269 289
200 303
265 298
267 299
259 299
267 298
259 304
265 301
265 295
235 304
268 302
258 293
270 293
270 299
197 305
300 331
269 287
317 326
268 293
269 302
269 300
285 327
270 289
263 331
263 326
310 311
263 327
317 325
315 329
315 327
326 332
322 332
317 332
314 332
315 331
312 331
331 332
264 301
305 331
333 334
264 334
321 323
310 325
264 333
320 332
311 315
314 315
318 332
310 332
311 332
316 323
286 322
286 316
285 322
285 316
263 334
335 336
337 339
339 340
337 338
338 341
337 340
337 341
340 341
338 339
341 342
339 341
338 340
340 342
343 344
345 346
339 342
263 340
341 343
342 345
347 348
338 344
347 349
230 344
344 345
230 343
343 345
348 351
227 340
230 340
348 349
227 353
340 349
263 344
338 342
353 356
348 353
347 353
359 360
357 359
359 361
360 361
357 360
357 361
341 345
347 352
347 350
339 345
350 353
366 370
230 362
367 368
357 368
369 375
349 350
363 364
363 375
364 375
230 373
365 373
357 369
361 366
230 365
365 374
367 375
361 364
230 374
361 375
373 374
364 366
363 366
362 371
362 374
371 374
364 370
362 373
363 370
370 375
349 352
372 375
361 369
348 350
359 369
351 352
364 374
350 351
367 371
367 369
343 346
337 342
370 372
358 367
358 368
349 353
371 373
359 370
334 346
334 345
358 369
364 369
357 363
369 370
357 358
357 364
357 375
361 370
341 356
348 352
368 369
366 375
357 367
364 368
359 364
365 369
359 368
359 367
359 375
342 373
338 365
341 365
342 374
334 354
352 376
347 376
371 376
361 367
359 363
263 345
333 367
356 368
362 376
346 368
346 364
263 341
349 351
347 361
347 359
263 337
366 367
348 369
359 366
361 363
343 365
363 367
368 375
379 380
343 374
360 369
347 351
342 365
230 342
356 380
334 378
348 356
347 362
369 380
366 368
358 364
362 378
357 366
367 372
359 372
363 368
357 372
334 377
343 380
356 378
349 378
349 356
363 371
364 371
344 376
362 364
362 369
365 376
363 369
343 376
348 376
349 376
263 375
343 351
364 367
263 364
263 369
360 377
343 369
351 353
361 365
308 380
308 379
339 371
341 371
308 344
361 378
360 375
339 365
358 361
352 378
263 367
356 366
348 364
362 381
362 365
340 350
365 371
341 350
334 381
334 338
334 341
334 339
263 366
334 340
349 367
349 368
349 359
333 337
263 348
366 369
358 363
333 342
360 363
333 339
368 370
382 383
333 340
263 357
333 382
354 376
333 383
364 372
263 368
263 361
307 367
263 363
356 376
263 359
360 364
354 381
263 349
263 347
336 354
361 372
263 377
369 377
358 359
263 360
338 383
341 382
341 383
339 383
358 366
339 382
361 368
339 352
364 377
377 381
384 385
263 381
361 381
335 361
263 358
342 347
335 348
336 347
386 395
386 387
387 388
323 362
336 395
336 386
386 388
388 395
341 347
354 357
354 369
367 377
347 382
392 395
388 392
323 387
387 393
393 394
323 393
336 394
323 395
392 394
387 390
390 395
335 392
387 391
335 394
323 390
391 395
387 395
338 363
338 375
348 360
323 336
348 359
347 364
335 391
338 369
335 390
336 393
377 386
347 358
338 366
391 393
336 387
335 388
263 386
323 388
263 388
263 395
263 335
364 392
323 360
323 335
335 393
335 387
384 388
386 391
386 392
388 391
393 395
336 388
323 391
390 391
391 394
394 395
336 392
335 386
364 385
364 388
390 393
360 397
359 397
263 383
364 386
399 400
335 395
384 392
392 393
385 392
387 392
385 388
385 393
323 386
384 395
385 396
386 393
384 397
323 392
387 394
359 385
359 396
381 391
391 392
397 399
385 399
359 400
359 399
401 402
384 401
376 396
336 364
386 390
382 386
349 382
336 391
360 399
388 394
263 397
359 398
376 404
381 396
386 394
323 349
388 393
336 349
397 401
364 397
349 388
349 394
323 381
349 395
389 401
359 405
360 405
323 394
400 401
399 401
386 399
323 399
335 399
343 407
388 399
391 401
323 401
387 389
390 392
389 407
387 401
343 399
343 400
400 407
401 404
399 407
385 401
383 385
376 408
343 384
409 410
389 406
385 406
398 405
343 385
397 405
382 411
411 412
383 411
343 406
413 414
415 416
413 416
414 415
409 416
409 411
360 387
397 411
359 411
356 413
381 413
381 414
406 411
417 418
387 400
360 381
397 398
414 417
387 399
389 399
384 406
376 417
416 417
389 413
381 387
376 387
381 389
381 418
376 418
399 411
401 415
412 417
411 415
401 411
343 411
385 414
376 399
400 411
376 420
401 414
401 406
411 419
400 421
408 420
411 420
412 420
406 413
406 409
415 420
376 411
401 419
400 415
401 421
415 421
343 401
343 415
385 420
411 421
384 411
406 420
406 414
406 415
401 420
418 420
406 418
401 418
414 418
415 418
