151
0 5
0 2
1 9
1 8
2 5
2 8
2 0
3 5
3 8
3 4
3 113
3 108
4 3
4 7
5 9
5 2
5 3
5 0
5 6
6 5
6 9
7 9
7 4
8 3
8 2
8 1
9 7
9 5
9 1
9 6
10 12
11 13
12 13
12 10
12 14
13 12
13 11
14 12
14 98
14 131
15 16
15 24
16 20
16 18
16 22
16 15
17 20
18 20
18 16
18 21
19 24
20 16
20 17
20 18
20 22
20 23
21 25
21 18
22 20
22 16
22 25
23 20
23 98
23 144
24 15
24 25
24 19
25 22
25 21
25 24
26 46
26 95
26 83
26 58
27 81
27 49
28 46
28 81
28 59
29 57
30 71
30 80
30 67
31 86
31 38
32 48
32 52
33 80
34 37
34 82
34 93
35 47
35 66
35 77
36 46
36 91
36 60
36 48
36 100
36 63
37 99
37 63
37 34
38 31
39 86
40 91
40 71
40 75
40 74
40 49
40 56
40 97
41 43
41 55
41 44
42 62
43 46
43 71
43 68
43 41
43 94
44 81
44 41
44 69
45 94
45 85
46 36
46 91
46 71
46 79
46 26
46 43
46 28
46 73
47 49
47 88
47 35
48 36
48 71
48 32
48 81
48 88
48 57
49 40
49 95
49 47
49 27
50 91
50 79
50 65
51 87
52 32
53 100
54 71
55 79
55 41
55 66
56 40
57 48
57 61
57 29
58 26
59 28
59 85
60 36
60 87
60 99
60 100
60 80
61 99
61 57
62 91
62 67
62 42
63 37
63 36
64 91
64 97
64 84
65 50
66 55
66 35
66 84
67 30
67 62
68 43
68 92
69 44
69 77
70 86
70 91
71 40
71 46
71 87
71 54
71 48
71 43
71 74
71 90
71 30
72 83
72 91
72 96
73 46
73 87
74 40
74 71
74 78
74 92
75 40
76 85
77 35
77 69
78 74
78 100
79 46
79 50
79 55
80 30
80 60
80 33
81 48
81 28
81 27
81 44
82 34
82 93
83 26
83 72
83 98
84 66
84 64
85 59
85 91
85 76
85 45
86 87
86 70
86 39
86 31
87 71
87 60
87 86
87 51
87 73
88 48
88 47
88 89
89 88
90 71
91 36
91 46
91 40
91 64
91 70
91 62
91 72
91 85
91 50
92 74
92 68
93 82
93 34
94 43
94 45
95 26
95 49
95 98
96 72
96 99
97 40
97 64
98 83
98 95
98 14
98 23
98 108
99 60
99 37
99 61
99 96
100 60
100 36
100 78
100 53
101 109
101 104
101 107
101 108
102 112
103 106
103 105
104 109
104 106
104 101
105 103
105 111
106 112
106 104
106 103
106 111
107 101
107 112
108 101
108 98
108 3
109 112
109 104
109 101
109 110
110 109
111 112
111 106
111 105
112 106
112 109
112 102
112 111
112 107
113 115
113 116
113 3
113 131
114 126
114 122
115 119
115 126
115 113
116 113
116 122
116 125
117 126
117 121
118 123
118 120
119 126
119 115
119 124
120 118
121 117
121 123
122 114
122 116
123 126
123 121
123 118
124 119
125 116
126 119
126 114
126 115
126 117
126 123
127 135
127 128
128 132
128 127
129 136
130 136
131 132
131 135
131 113
131 14
132 128
132 135
132 131
132 136
133 135
134 135
135 132
135 131
135 134
135 133
135 127
136 132
136 130
136 129
137 141
137 150
137 138
137 142
137 146
138 137
138 140
139 147
139 150
140 143
140 141
140 144
140 138
140 148
141 147
141 137
141 140
142 137
143 145
143 140
143 149
144 140
144 148
144 23
145 147
145 143
146 149
146 137
147 150
147 145
147 141
147 139
148 140
148 144
149 143
149 146
150 147
150 139
150 137
