2239
0	1
2	3
4	5
0	6
7	8
9	10
11	12
13	14
15	16
17	18
19	6
15	20
0	21
9	22
23	24
9	25
26	27
19	1
28	25
29	12
30	27
15	31
32	33
28	10
34	35
9	36
37	1
30	38
39	40
28	41
30	42
9	41
43	44
45	46
47	42
23	48
49	8
50	51
52	53
9	54
55	42
56	57
15	58
59	60
26	61
62	63
64	65
66	67
47	27
68	69
70	71
72	73
74	75
76	77
55	27
30	78
79	10
37	80
28	22
26	81
52	82
83	84
85	86
37	75
87	88
89	1
90	91
92	93
94	95
43	96
97	13
9	98
99	84
100	6
26	101
55	78
102	5
103	104
4	51
26	105
66	106
37	107
9	108
109	110
9	111
112	74
28	113
9	114
15	115
116	13
26	42
89	117
118	119
37	120
121	13
96	122
123	124
55	81
7	125
126	127
128	129
0	130
131	132
133	10
7	134
135	13
136	137
138	13
26	139
74	112
47	38
28	140
77	76
68	141
142	143
144	27
72	127
145	146
72	126
147	69
28	148
51	149
26	144
150	151
152	153
123	93
50	149
55	144
154	155
30	156
17	157
100	1
158	159
28	160
30	61
161	162
47	30
103	163
128	164
0	165
32	73
30	101
37	6
126	166
167	168
150	169
4	170
4	162
171	172
173	75
37	21
174	175
37	176
123	177
173	178
121	179
180	181
4	149
9	182
183	86
23	184
183	185
37	186
109	187
7	188
131	189
190	191
9	192
32	8
66	193
59	194
195	196
197	198
136	199
30	144
200	201
144	81
202	203
9	160
204	134
43	205
142	206
55	101
37	207
112	208
209	5
109	210
28	54
32	211
212	8
150	213
214	215
216	217
30	218
55	219
174	220
173	221
200	222
223	224
50	225
47	78
23	106
9	208
226	227
37	228
229	217
202	230
231	232
89	233
234	235
9	236
133	25
90	237
238	239
9	240
135	241
72	166
242	243
126	244
245	84
89	246
47	61
94	16
247	248
23	249
28	98
9	250
74	251
89	252
47	101
55	61
253	254
253	73
52	255
154	256
55	156
257	93
131	258
94	259
28	260
261	262
49	222
263	35
32	264
242	93
9	265
266	86
102	267
268	146
269	214
50	270
47	218
47	156
13	179
271	223
272	273
37	274
133	148
124	162
67	121
19	21
231	275
49	259
89	276
204	191
253	266
37	251
77	117
277	278
154	279
280	281
72	282
283	222
9	284
50	285
51	286
190	287
28	208
288	289
290	291
253	292
293	294
295	226
4	285
28	296
7	297
4	298
26	156
37	299
174	300
144	42
301	84
302	36
303	304
39	305
255	82
231	306
94	8
209	170
307	308
79	54
309	308
30	81
56	310
311	49
268	232
9	312
313	314
197	315
316	317
9	148
318	319
293	106
320	321
32	322
320	323
324	325
72	264
326	95
144	55
223	327
26	328
329	217
200	16
49	16
197	181
223	330
37	48
23	198
331	332
131	333
334	335
336	337
338	339
340	341
9	342
343	196
171	344
345	40
126	346
169	347
26	348
55	218
349	350
351	352
26	55
66	315
94	188
109	353
354	355
79	148
338	356
231	357
202	95
358	267
89	359
136	360
173	361
362	363
79	364
91	365
366	152
197	341
89	367
52	368
9	369
293	370
371	214
303	372
373	217
13	374
183	375
376	96
26	38
377	152
289	363
378	379
126	282
51	298
380	381
72	244
47	81
382	383
377	384
341	196
94	203
2	385
28	108
9	186
74	386
37	387
28	114
56	388
318	266
313	389
94	224
112	390
204	355
55	348
391	318
338	392
9	113
268	357
15	393
138	121
394	55
30	328
37	395
79	98
200	396
397	398
70	399
341	352
126	92
400	84
121	374
9	296
79	41
401	402
91	403
351	404
238	405
126	406
9	407
329	216
408	409
410	411
55	412
30	348
223	413
345	414
45	415
161	416
261	417
7	355
131	418
103	419
9	420
313	421
174	422
195	352
4	423
37	424
109	48
112	425
426	219
180	427
4	225
428	373
100	146
174	429
202	430
70	315
283	431
37	432
37	433
91	434
51	435
51	270
50	286
37	436
28	437
49	438
439	93
133	208
343	266
4	440
197	196
441	442
142	443
311	134
102	444
123	217
131	445
446	447
448	449
28	450
231	451
11	452
289	338
453	454
49	355
263	455
9	140
456	361
50	457
32	458
204	292
354	129
255	52
9	459
460	320
461	217
462	259
4	463
4	464
26	78
37	465
466	198
128	467
209	51
32	440
468	65
469	470
211	471
472	189
473	474
128	104
268	275
343	352
167	475
72	164
476	432
37	477
311	355
268	478
269	479
428	317
441	440
33	217
126	480
77	310
190	481
94	482
79	25
320	483
0	484
51	463
283	438
158	57
94	485
486	487
307	488
313	489
197	490
2	75
473	84
79	284
133	260
462	266
79	160
293	491
0	19
195	404
124	93
32	292
468	492
349	493
173	395
494	8
268	495
496	162
373	447
197	497
94	498
499	365
126	500
79	52
124	416
49	501
345	91
307	355
502	48
271	503
460	352
504	505
70	506
283	507
94	201
266	375
231	508
509	510
4	511
334	512
47	513
66	514
94	61
28	236
79	208
76	475
515	516
118	517
171	518
154	519
55	47
499	520
100	134
102	521
522	469
313	523
15	399
524	525
441	526
234	527
109	162
123	528
302	529
358	177
219	65
4	530
49	531
85	375
197	106
532	533
283	246
534	535
32	193
277	525
79	312
76	536
537	538
51	225
50	539
167	106
70	540
136	267
441	541
190	542
37	543
34	65
509	66
295	338
219	469
544	545
26	513
476	546
144	30
242	439
547	548
200	549
49	550
532	539
551	121
66	121
552	553
311	554
150	347
28	312
200	230
555	216
197	249
173	433
442	556
289	557
223	503
288	338
214	558
180	399
212	95
89	431
158	559
560	561
343	562
49	563
32	164
72	564
499	565
109	566
161	524
49	189
47	328
362	567
45	152
121	67
109	294
43	568
268	569
200	570
118	571
572	573
51	285
74	574
441	575
576	196
66	509
502	217
577	578
253	124
268	207
0	109
373	579
446	373
197	580
136	16
469	522
475	472
581	582
583	584
109	370
462	585
245	586
123	129
9	587
79	588
133	589
133	590
293	399
591	303
460	562
351	592
593	57
66	594
94	117
211	595
37	596
597	352
9	598
79	407
128	599
128	559
331	600
4	479
50	601
62	602
89	498
45	603
472	333
109	436
354	604
118	605
183	606
607	345
583	608
609	610
37	130
552	611
102	539
612	310
613	614
19	165
72	458
317	408
52	615
94	616
37	165
426	617
217	618
439	619
200	620
537	621
373	216
89	95
47	348
622	623
66	540
37	22
426	13
439	92
613	581
624	572
49	625
277	626
70	627
204	628
204	629
30	513
2	431
123	630
293	631
128	632
7	633
634	308
351	635
394	341
397	636
70	637
407	489
144	156
23	638
293	639
268	640
200	641
4	642
329	556
85	643
212	333
136	644
472	645
217	646
552	152
28	647
28	648
183	649
650	651
324	652
50	399
277	653
204	654
316	527
28	36
72	527
349	655
583	656
55	657
658	659
37	660
64	646
338	289
79	661
231	569
509	662
183	663
496	511
50	664
197	352
476	665
109	666
577	667
79	668
331	669
15	219
74	670
446	217
551	641
96	671
102	672
123	673
17	351
180	674
428	447
32	675
72	676
136	8
204	677
622	678
52	679
234	680
37	681
229	618
161	682
174	91
180	683
590	684
146	685
173	686
283	501
94	222
245	499
354	687
123	688
28	689
76	57
690	691
180	692
650	146
634	585
382	693
19	694
146	629
47	412
695	696
362	697
576	352
52	698
190	699
144	218
211	700
245	701
133	160
293	702
91	90
118	703
4	704
496	705
706	26
77	498
173	707
283	16
66	708
94	396
709	710
711	712
37	713
9	176
79	140
313	382
257	714
320	715
537	716
496	717
147	152
334	718
204	719
720	721
551	203
144	78
43	722
123	723
174	724
725	24
124	439
496	193
171	726
74	57
532	485
204	727
410	728
729	730
731	732
234	525
66	510
211	733
96	568
462	734
43	671
338	735
79	182
133	108
290	736
195	737
183	738
634	739
49	652
607	740
532	741
55	38
486	742
109	511
83	95
214	743
193	744
302	745
302	22
746	628
4	0
329	618
77	75
197	692
361	501
472	475
128	675
56	48
193	642
66	747
341	635
502	447
462	662
214	748
572	267
324	749
77	511
197	750
136	538
211	673
109	751
597	524
462	545
123	421
15	752
746	556
93	646
50	753
89	754
136	359
309	315
68	696
567	755
13	756
112	757
311	758
102	759
316	310
123	216
79	420
195	760
761	646
171	8
50	298
72	762
62	641
448	222
763	666
144	764
711	765
439	696
766	447
161	642
64	767
200	95
509	768
74	769
770	621
204	699
37	771
37	772
773	617
354	104
261	774
123	526
293	775
231	268
200	75
202	498
460	196
449	776
555	317
441	777
441	540
144	602
778	779
33	780
13	121
126	781
64	782
56	783
456	651
202	134
537	222
180	628
397	167
26	47
49	777
770	784
89	785
30	786
94	787
109	788
229	789
268	790
401	791
180	792
382	523
49	793
70	708
234	716
66	792
94	230
318	159
462	739
439	794
133	407
522	795
87	582
193	712
302	352
371	796
49	719
167	750
72	51
695	797
55	26
94	798
100	799
800	801
9	352
802	732
268	306
268	451
268	803
15	804
202	511
371	805
806	807
373	630
50	692
173	808
283	809
377	69
45	810
37	811
13	71
253	264
261	812
293	683
522	813
302	734
50	435
814	815
816	817
502	630
253	129
802	818
268	819
401	732
376	820
821	822
89	75
695	823
283	488
283	396
441	399
154	244
341	824
341	825
97	571
109	826
109	827
391	219
828	469
161	829
28	830
133	312
522	646
174	831
180	315
460	832
496	352
77	63
197	792
532	833
234	164
94	834
94	835
266	246
211	836
37	837
354	164
9	830
0	162
183	838
70	839
72	129
204	13
52	840
13	539
23	118
23	490
245	841
354	652
43	122
9	196
79	842
133	843
193	829
17	91
460	844
39	845
446	846
847	156
697	567
212	530
147	643
283	8
441	506
2	359
472	297
447	303
100	75
34	691
102	848
123	849
9	364
79	850
509	851
202	61
537	485
124	829
180	852
219	853
49	21
89	6
532	795
576	635
763	294
266	701
854	760
121	855
96	856
109	857
773	858
261	582
123	295
123	859
293	788
200	310
202	545
860	106
861	862
324	863
50	696
19	212
468	864
211	865
37	866
37	386
100	867
100	868
426	869
311	222
135	870
79	236
522	739
7	871
174	872
200	873
537	431
62	203
62	45
47	144
309	698
576	832
152	210
266	63
778	874
161	875
161	772
313	631
876	632
180	708
634	877
303	440
351	878
706	833
26	218
19	879
880	59
551	117
52	431
472	881
126	882
9	850
515	883
509	550
0	884
650	760
382	885
861	696
72	652
62	572
551	545
362	696
144	101
96	661
109	886
112	365
494	458
161	887
123	815
802	888
537	889
806	890
770	95
891	582
551	892
283	893
211	894
96	895
896	217
79	199
76	833
0	818
897	889
468	898
468	899
770	845
47	900
234	691
94	507
109	901
109	902
100	21
502	6
34	903
311	95
311	904
245	905
354	705
906	907
150	267
313	639
231	707
449	556
324	908
171	5
62	909
147	617
891	868
283	910
142	606
123	652
9	911
79	912
7	691
200	498
509	913
806	764
460	124
914	915
916	617
70	683
770	665
891	917
377	918
55	786
34	907
462	919
245	677
29	920
358	921
897	862
124	922
197	631
923	203
147	399
47	924
30	925
341	926
94	818
37	927
79	113
174	341
456	928
91	538
74	929
930	931
770	932
72	632
62	152
136	933
448	203
66	839
567	145
97	212
502	659
391	934
123	865
123	235
272	712
77	935
212	267
147	18
729	486
30	797
341	592
94	533
238	152
266	936
37	937
37	146
109	938
135	485
7	939
193	940
202	873
537	941
942	352
219	943
19	48
72	944
532	945
30	412
877	524
123	946
200	947
0	146
295	948
197	399
72	1
136	303
234	871
92	862
55	628
94	949
266	488
37	950
318	951
150	621
293	580
268	952
180	637
496	632
706	654
74	294
49	333
77	222
283	873
52	809
234	844
94	881
45	953
472	511
23	67
426	654
253	954
354	511
28	955
9	1
59	702
257	956
509	957
195	958
167	959
136	643
448	960
154	500
30	47
66	961
658	286
245	962
245	526
123	963
150	964
79	965
193	966
200	533
180	967
180	968
50	969
77	536
167	970
770	246
72	604
204	971
92	760
66	198
345	691
123	845
79	972
802	525
0	416
295	712
131	818
496	973
50	974
380	910
770	588
89	181
576	975
94	976
97	910
37	109
23	751
502	24
123	977
28	207
293	315
145	978
7	167
313	294
180	979
980	368
74	48
847	144
72	346
66	981
778	266
102	982
123	92
28	529
79	114
79	983
79	260
128	764
295	845
460	635
209	464
4	984
146	118
891	696
622	57
37	843
268	589
15	985
193	986
987	988
590	989
303	511
226	104
74	990
277	629
880	991
551	749
190	992
66	993
102	359
261	994
231	995
87	525
537	996
590	72
324	550
49	881
277	691
197	594
770	554
72	997
173	888
336	998
126	639
311	652
150	682
150	999
79	176
79	1000
802	289
174	1001
231	745
15	1002
216	286
590	1003
942	1004
710	1005
50	297
197	1006
70	594
136	431
361	550
109	642
311	1007
245	1008
534	246
800	701
123	760
293	1009
313	702
257	1010
257	1011
257	466
200	1012
131	590
180	1013
806	1014
4	1015
49	267
77	1016
336	458
52	222
154	1017
37	1018
828	434
311	431
102	1019
494	129
494	24
261	65
123	1020
79	450
79	622
400	1021
268	744
537	991
91	345
183	696
124	1022
180	497
814	1023
816	84
70	1024
70	692
72	620
234	1025
94	501
97	483
126	558
311	295
311	996
133	232
802	582
268	1026
515	1027
460	1028
916	654
916	526
72	1029
1030	524
729	1031
30	1032
66	1033
361	333
211	1034
37	990
253	104
123	1035
123	425
9	1036
572	1037
17	1038
1039	833
1039	134
382	765
77	945
380	780
70	432
72	678
89	1040
173	1041
551	498
441	315
158	292
266	251
100	1042
316	772
123	1043
150	295
9	1044
79	1045
133	140
133	1046
202	641
202	585
496	586
70	623
770	267
89	1047
204	1048
891	145
266	691
502	75
1049	813
1050	1051
261	223
231	790
15	902
195	1052
295	636
180	540
351	1053
50	1054
50	977
814	764
72	480
880	691
89	1055
144	348
97	745
318	1056
253	845
354	1057
9	437
79	1058
200	203
200	48
118	1059
180	1060
209	479
380	1061
380	1062
551	809
441	750
242	1063
266	431
778	971
37	1064
354	632
123	628
150	646
79	830
293	1065
56	945
56	1066
0	1067
496	635
373	974
50	463
50	1068
167	1069
770	117
336	368
695	1070
341	342
361	1071
37	1072
83	162
678	10
293	540
293	747
313	638
268	642
90	1073
460	628
460	1074
1075	318
226	764
446	871
77	947
197	1076
880	974
1077	870
2	620
112	294
311	501
245	511
150	554
174	267
690	1068
0	642
860	765
17	862
167	1078
167	683
720	1079
448	1080
52	430
52	251
158	1081
66	683
97	673
109	638
577	483
150	8
79	1082
133	236
15	1083
612	772
167	297
623	1084
72	969
173	1085
47	1086
441	1087
778	627
466	594
766	1088
150	61
28	589
56	1089
15	1090
537	295
0	1018
572	35
1039	1062
26	412
77	294
197	968
136	259
461	745
190	1091
66	1092
109	440
502	694
28	240
79	1093
56	780
231	819
200	1094
180	1095
4	416
504	1096
74	638
32	244
77	549
448	333
37	24
499	164
23	1097
123	1098
128	121
591	13
0	870
17	1099
806	1100
171	559
49	1101
1102	48
623	772
770	8
770	749
136	545
204	193
1030	1103
47	786
211	1063
472	46
311	1104
102	266
161	627
534	171
9	1105
133	965
293	637
128	42
15	1106
302	590
202	910
131	444
4	1107
226	977
373	1063
89	107
608	1108
891	760
622	239
283	63
763	818
23	1109
253	1110
102	1024
800	945
123	30
123	632
123	1111
150	604
9	1112
79	648
124	642
496	416
50	1113
32	13
72	27
880	928
89	21
1030	617
283	259
211	692
354	764
263	1114
150	1115
79	1116
79	465
293	1117
302	300
302	1118
200	545
537	673
358	72
295	1119
180	745
496	163
167	1120
821	1121
70	993
89	1122
583	1123
283	1124
211	1125
472	286
253	1126
876	440
202	201
0	765
295	745
814	121
197	306
70	982
158	620
261	525
123	696
150	654
15	303
91	17
91	75
382	886
4	1127
32	1128
77	582
697	1129
770	538
441	483
190	533
94	295
266	1130
211	1131
126	1132
150	1133
133	284
400	1134
76	1135
202	809
537	868
295	1136
496	744
167	1137
72	559
720	251
622	617
150	164
79	1138
293	696
537	835
0	1139
91	1140
124	1108
49	498
167	1141
309	1119
461	673
551	935
441	871
30	1142
109	871
135	1031
123	1143
123	72
123	1113
150	910
231	486
77	638
77	109
197	435
70	1144
770	222
66	1145
94	641
2	573
37	1146
828	1147
102	1148
102	627
494	1126
123	753
79	1149
171	137
212	259
461	1150
283	1101
45	1151
211	486
37	1152
499	1153
391	1154
1155	1156
263	662
150	573
293	839
200	431
0	638
725	219
1157	900
770	760
136	498
94	1158
266	749
37	71
112	1159
83	1160
338	1161
150	879
572	222
4	1162
226	1096
373	1163
49	359
212	5
770	498
334	1164
551	359
154	1165
426	1166
311	1080
79	587
537	119
195	1167
49	1168
77	620
583	1108
283	570
30	1169
126	1170
126	1171
28	1172
9	450
202	1173
202	603
537	252
183	1174
183	244
504	386
77	818
770	286
770	1175
72	764
1176	818
66	1177
37	1178
253	51
253	696
354	1179
678	765
9	556
174	1180
876	322
537	601
180	974
397	1063
814	1054
697	1181
212	222
880	1182
2	63
2	581
426	1183
876	652
537	183
11	359
180	539
4	1184
171	678
197	635
770	1185
89	423
45	13
466	745
123	1186
123	1187
9	1188
79	265
195	1189
180	1190
180	981
226	1191
89	370
89	863
204	900
144	1192
499	652
354	312
9	965
76	1068
197	1193
770	928
770	549
266	355
37	1194
109	1195
126	438
102	1196
245	1010
161	1108
534	117
123	1137
388	322
200	670
91	1106
118	791
32	1088
770	947
476	289
880	1176
136	95
190	1197
45	1198
466	315
123	692
79	594
91	991
124	875
50	630
32	1048
136	1199
441	637
158	458
577	1063
102	351
79	385
133	1200
293	506
77	57
167	764
197	982
197	540
770	652
720	1058
154	554
94	63
94	1201
37	997
126	1202
123	322
150	813
28	1203
133	1204
128	1126
200	1205
770	603
204	1088
283	21
45	1206
472	893
472	1207
499	1208
828	1209
311	696
161	1210
133	540
49	928
32	1211
623	1212
72	1213
266	549
45	890
23	1108
502	927
577	1214
83	1048
245	953
261	1076
123	1215
15	1176
200	423
226	586
397	75
197	1216
197	1217
136	1218
136	662
136	573
441	467
266	1219
109	829
502	1220
123	1221
263	540
150	1010
9	1203
133	955
128	1222
15	540
180	995
50	1223
1157	969
70	539
778	1110
800	1224
123	1225
79	1226
15	1227
202	903
537	95
180	1217
49	1094
697	945
94	1228
651	146
37	1229
23	1230
447	368
245	745
800	248
202	1231
202	1232
397	595
50	1233
283	258
238	355
109	639
126	1234
150	27
9	648
293	1068
295	1235
91	1236
74	292
32	579
77	1148
623	1237
770	1238
309	922
158	1
66	1239
37	966
126	666
800	1240
150	1241
150	368
133	886
293	1193
293	1079
202	361
226	129
89	267
204	1242
720	1073
763	839
94	368
97	144
499	1243
354	678
150	396
9	983
293	666
200	1010
180	686
590	701
397	1244
50	249
50	1245
77	1068
697	868
212	908
72	505
334	838
136	365
441	1246
30	996
2	488
109	1108
447	1247
102	868
354	1248
1249	1010
133	871
400	817
537	360
180	1250
4	974
623	390
334	1251
136	13
283	1252
30	1088
391	1253
828	1254
577	1255
102	1256
123	1257
150	1258
150	1242
28	369
293	1259
400	1260
1261	308
860	580
295	1161
4	676
77	1238
770	924
136	27
204	10
204	1110
30	1163
30	1262
94	1263
37	1264
466	792
23	121
1265	923
311	1148
311	485
494	595
354	359
906	765
261	1078
123	1245
123	418
150	636
9	1172
133	48
876	315
200	61
202	267
202	1132
202	431
180	1266
50	874
770	485
72	1032
94	903
466	708
466	514
502	1042
577	1209
123	1267
123	1268
150	490
150	305
28	1269
128	122
145	294
200	1270
131	526
572	1271
11	1272
1102	524
167	1273
623	622
154	935
2	1148
2	498
472	222
23	1274
502	1063
126	1124
311	1275
766	705
354	849
354	1276
9	390
56	51
860	198
50	1277
197	294
136	222
47	1278
720	1108
283	1279
441	198
112	574
388	1209
174	533
876	566
725	815
572	1173
74	1073
49	119
136	873
336	807
283	533
441	1217
311	6
494	292
354	815
28	1280
537	1281
572	554
1157	386
72	359
778	639
311	63
161	144
133	1282
200	571
537	1214
860	961
118	520
4	1283
226	144
504	912
77	1103
204	244
283	1284
94	333
766	1169
83	1008
150	1285
79	590
1286	581
358	564
358	762
50	627
504	849
770	1287
770	1012
770	1288
441	594
441	514
499	399
112	886
447	1132
311	935
293	629
174	434
202	1124
202	813
634	286
590	886
1289	316
50	1290
1102	701
623	807
623	1291
212	189
72	1096
47	230
116	129
66	992
2	910
472	1238
447	1222
311	760
311	1292
494	1293
245	1113
354	1294
354	315
123	1209
572	63
1295	1296
89	368
47	1169
426	886
766	997
150	538
9	1297
293	1298
293	1299
202	654
202	188
537	550
4	573
94	1094
126	638
245	1300
123	1301
123	104
202	571
202	646
202	1302
537	1303
860	1056
725	742
226	1304
226	458
74	1305
212	550
770	134
283	1306
154	1307
877	526
28	1118
28	265
28	1000
133	1308
133	37
295	604
11	1096
32	1293
72	512
283	1309
94	327
109	1310
447	1311
766	1140
906	526
202	1312
180	993
49	511
77	875
197	775
770	904
283	1231
94	531
311	1050
150	1292
202	928
91	63
49	431
197	1313
770	1314
89	1315
47	621
283	189
441	708
94	1316
94	1317
472	813
472	1318
123	1319
123	210
200	945
572	431
11	559
180	514
77	485
441	792
1176	524
238	352
200	507
200	359
1276	1320
226	1088
623	1321
70	1322
89	538
116	559
154	588
94	119
23	1323
245	636
877	267
9	424
293	708
76	638
202	1182
202	501
537	678
0	659
131	1324
212	1325
89	63
154	134
2	947
37	1326
23	1327
245	1328
354	565
123	807
123	315
150	673
133	765
293	1076
293	961
200	662
200	63
202	189
91	1319
4	829
226	565
504	971
77	593
283	621
94	145
94	585
466	747
311	910
102	538
133	433
200	1101
537	1
816	1329
77	886
770	1258
1176	1183
112	694
126	1168
678	838
876	1126
200	1330
202	1331
89	620
136	585
283	1080
1176	1237
150	539
32	259
77	700
77	396
1332	1333
197	592
197	1024
136	1334
47	537
47	865
720	1010
494	104
83	1176
150	903
145	266
537	910
77	431
197	1335
94	1155
311	1238
311	533
123	1336
133	1337
293	1239
293	1338
128	1339
202	741
1276	46
212	798
72	599
880	333
136	1094
283	928
66	1340
311	692
311	749
102	533
150	1341
11	1342
180	594
77	1199
77	1343
204	1304
720	742
283	870
94	1173
37	1344
261	1345
261	106
150	620
150	1346
200	1347
4	744
4	1348
226	595
226	1242
504	997
89	835
309	745
309	1349
158	1011
472	431
311	723
102	991
150	1350
537	1351
49	798
197	1352
47	55
336	1113
283	1353
441	249
37	1354
112	511
577	1355
253	8
123	267
150	1356
9	1118
293	826
293	912
537	1106
226	673
50	708
77	201
70	1217
334	747
136	1357
136	1124
309	838
283	1358
778	1169
123	359
56	1058
388	595
118	1359
118	839
50	1360
334	890
136	621
283	490
94	530
311	507
150	949
7	189
202	533
358	292
91	117
171	1361
50	1335
504	838
49	396
32	753
197	1362
283	361
154	1363
94	545
499	1364
499	129
311	545
56	726
7	10
537	1365
91	1148
171	1366
1176	992
94	355
94	894
466	1367
499	915
354	1368
150	355
293	982
200	863
202	1369
295	977
725	565
171	1322
197	708
70	1078
204	836
1176	692
37	1068
23	1370
253	164
311	673
83	164
537	545
91	1187
590	21
50	637
32	511
167	1371
70	628
204	1195
23	1214
426	149
494	586
678	676
123	595
150	928
150	1372
358	1373
634	524
496	815
50	815
50	1301
47	1374
47	1238
47	1375
283	1376
154	1377
154	558
472	1378
499	559
9	1379
200	1148
200	1238
1380	355
226	399
77	246
47	1032
47	925
47	533
720	365
311	266
56	1079
174	1381
200	585
1382	93
226	1383
50	25
32	1384
77	673
89	813
89	1385
94	1386
266	244
150	996
28	1379
7	333
876	838
634	24
89	1148
238	341
311	1387
311	627
877	1210
150	75
150	1126
28	590
9	1388
128	65
50	121
74	1010
77	595
72	1319
476	1253
136	835
47	813
283	571
283	1389
283	1109
66	490
238	112
28	1112
28	407
1390	338
7	1126
1295	1391
197	961
1392	217
441	982
238	134
112	713
311	739
123	1393
537	1394
91	554
197	745
283	935
158	65
94	654
94	251
266	129
778	1147
472	931
877	295
123	1395
200	1133
572	745
49	616
334	1396
89	1351
283	1397
766	981
123	1
9	1398
56	742
174	61
202	1399
358	764
77	765
880	485
89	1400
720	639
720	1401
283	784
158	1222
94	691
753	69
238	196
23	1402
253	322
354	1141
877	617
28	1403
128	1248
128	163
200	1316
496	638
77	833
212	531
72	1202
89	1404
204	506
94	1387
94	1176
499	524
28	1046
128	1211
295	1209
171	652
50	506
167	7
334	700
136	991
94	1405
311	630
28	965
76	593
200	390
200	1406
537	1407
496	592
212	813
70	981
309	1408
336	467
37	1409
128	1410
572	673
1295	1411
77	1066
212	1263
70	1412
136	46
136	1413
283	1414
466	1010
426	1141
311	1415
102	870
261	588
150	1416
9	529
7	292
200	1365
202	1417
537	1175
50	838
212	941
334	652
283	1312
441	1119
66	1418
94	928
266	652
472	1419
766	1420
678	705
123	193
123	1066
49	863
167	637
72	970
112	1119
494	835
83	673
123	691
9	1200
9	1421
128	1025
400	1422
131	1423
572	401
572	368
496	807
72	1394
1176	1068
266	928
37	1424
37	1425
102	498
766	1191
123	969
537	1426
32	1427
32	693
77	1320
204	189
47	977
441	559
37	184
311	1320
311	1428
261	1429
388	838
388	637
537	760
118	1103
496	1430
197	167
197	934
136	1431
204	912
94	1012
94	1432
94	1433
150	1434
9	1424
89	1435
47	602
336	838
441	539
94	573
37	1436
311	1437
678	1140
9	1438
572	1238
496	1222
32	486
77	621
72	1304
334	448
238	16
472	1439
123	1025
123	1440
123	559
200	652
200	485
171	134
504	415
77	760
70	106
283	119
441	627
94	1441
466	1079
311	1094
388	1442
876	163
200	251
202	1041
11	1443
74	1444
816	1445
89	1446
89	1126
336	900
906	701
123	1322
76	13
388	1191
202	1447
131	1448
171	1449
77	1307
212	485
89	873
441	418
266	638
37	912
311	893
128	1191
876	944
572	430
504	890
74	1078
77	1450
212	498
72	92
720	702
116	1451
116	637
778	1209
23	1452
311	1453
678	1066
9	433
128	511
388	1454
1455	1300
725	270
226	439
49	1132
49	787
1102	266
283	1441
472	1456
426	558
766	764
200	1414
202	1318
1457	560
74	1458
77	745
197	514
197	637
72	333
204	210
204	415
426	765
28	1149
202	283
1382	92
295	193
50	1371
167	1459
212	1460
89	1168
112	1343
311	368
102	692
906	1461
123	700
200	1199
504	399
32	210
32	386
197	575
197	210
72	1395
136	1284
204	1462
472	1463
494	438
354	1233
906	1248
9	206
118	57
572	423
167	244
89	600
283	1464
37	929
102	594
123	1465
28	1466
9	143
876	292
876	1211
226	1396
72	1387
89	1467
136	784
283	1468
283	1469
94	888
266	1470
778	839
472	1031
311	423
311	795
311	360
354	982
876	1384
1471	15
171	944
50	1088
50	106
74	600
77	813
77	146
212	258
158	210
1176	1472
94	438
37	1473
311	201
494	322
494	1474
678	322
28	37
200	1346
4	419
74	1132
212	1238
72	1113
89	1475
283	903
311	1476
123	1462
128	977
131	149
131	545
572	1148
4	1477
496	1478
70	514
1176	1087
94	1330
94	863
94	910
778	1088
83	886
28	1045
128	631
388	1032
7	632
131	1479
572	1
1480	737
1481	469
171	162
50	244
72	1108
89	1482
123	1483
28	712
9	260
74	1066
167	565
212	1148
37	173
499	455
253	705
311	1447
766	970
123	483
56	1010
56	1108
7	65
7	466
876	1248
200	1484
200	1485
171	1032
1295	73
70	617
334	900
283	1486
311	498
123	434
28	1487
1261	1488
504	970
77	1135
204	1366
47	26
720	654
253	42
678	1029
200	903
72	1277
1489	193
204	1490
1176	294
94	1231
499	511
499	435
102	303
295	589
1480	352
4	1491
197	1290
89	360
94	488
37	1492
466	1108
102	1399
123	463
123	1277
358	129
118	310
171	1439
504	815
197	539
212	1207
334	524
204	38
47	1493
336	589
441	631
1494	630
499	691
499	1371
28	424
1495	293
7	835
11	1496
496	628
1102	780
283	267
441	1092
116	164
1176	654
472	928
499	579
354	631
9	647
572	1185
504	425
1102	1161
334	664
441	425
123	512
131	759
1480	196
634	1113
504	61
47	399
720	712
283	1497
441	839
94	1498
37	901
123	1499
28	959
7	1378
295	637
118	1500
131	1086
1380	654
32	42
77	1062
167	1096
283	1037
441	1076
94	1501
123	563
11	824
226	1209
167	1054
204	1502
720	1503
1176	526
94	75
499	1169
678	807
123	292
1261	1504
11	691
634	1018
4	1505
171	599
77	1012
212	885
334	1096
89	188
102	617
123	579
7	368
876	164
572	1450
572	904
89	1506
94	1351
311	892
766	65
678	1023
123	890
128	538
131	886
4	659
226	1110
50	1087
49	1207
70	894
720	788
283	134
466	206
253	1211
128	1395
118	1063
11	1465
1276	606
171	1113
171	1507
1508	1509
336	1510
283	813
158	1213
37	754
499	764
112	1066
311	1279
311	117
102	526
494	1066
28	1
28	1188
876	676
200	1511
295	1222
1075	951
50	1078
441	961
778	1086
37	1512
102	903
494	1513
354	1096
131	742
634	1054
212	928
212	1353
778	1514
778	559
1515	749
123	1125
1516	214
50	638
77	928
212	1517
283	1012
283	95
116	1518
238	1519
37	694
112	1520
102	485
678	815
9	477
358	1521
171	1522
212	1378
72	285
204	890
336	1459
283	1523
238	469
37	1524
253	815
123	254
56	365
200	760
634	780
496	1507
74	511
197	1525
70	961
89	1526
89	1394
720	862
283	1132
94	1101
112	315
102	1322
494	599
354	435
388	1527
634	712
50	1024
32	900
89	1528
253	631
83	910
171	969
1457	187
334	753
283	947
283	1529
116	540
94	431
94	1460
311	1530
311	259
766	1113
123	506
128	1531
295	440
131	1532
50	1533
50	839
70	792
283	303
283	721
112	479
311	1534
494	1054
354	440
295	1355
131	1300
634	1535
72	500
89	16
204	1536
283	1537
283	1431
158	606
112	627
123	10
28	587
9	832
50	1191
49	1320
334	218
94	423
311	1314
50	1304
504	421
334	974
720	298
116	1538
778	1374
466	1144
499	1539
102	295
28	1540
7	1541
50	448
167	1539
336	982
311	143
123	1542
1276	57
171	839
74	1543
49	488
212	1307
72	753
204	1544
204	1096
112	642
1545	818
388	1371
358	604
32	1
334	1502
283	531
441	1322
778	1191
7	1096
50	1147
32	5
197	424
212	945
204	1546
204	637
441	1547
441	595
311	1548
311	1549
766	448
123	1550
9	1551
7	1353
725	355
725	48
1516	269
496	875
1552	654
74	322
49	1460
816	579
89	1231
37	1553
253	1096
311	1377
354	134
123	629
128	1384
496	1554
171	566
171	1555
50	1459
167	1368
283	1061
283	1110
766	1556
354	693
9	1149
226	486
50	890
334	1032
283	909
283	1557
466	839
766	807
28	1558
388	1559
295	838
725	886
572	1560
334	1561
94	21
1147	402
494	1255
354	370
123	471
388	1255
876	900
572	1377
572	16
496	47
50	575
212	234
212	1214
37	161
466	541
28	1562
28	192
9	590
388	101
496	1310
70	501
72	579
89	1150
651	777
311	621
358	1563
572	110
50	1564
283	1453
253	1565
311	1012
9	1566
56	1567
56	839
876	1567
49	530
89	490
94	1270
354	1568
123	1132
123	1092
128	322
295	525
496	1569
50	1570
197	1571
70	1572
499	1573
7	435
32	418
72	425
1574	214
204	1029
283	1044
347	203
347	854
94	1575
499	106
354	579
354	266
128	865
388	434
572	1047
32	1113
212	6
204	1568
204	1576
283	1394
283	485
311	1369
311	1577
123	1371
28	1578
9	1579
9	1580
128	1293
128	419
987	980
204	1581
283	1582
94	1124
94	511
238	222
280	485
7	604
496	1410
226	969
70	1340
334	1570
94	1583
238	1584
238	1585
311	75
494	631
388	1113
504	225
32	1034
197	1586
197	1233
204	386
94	1587
1588	1589
171	44
49	1270
334	1018
1590	1133
238	382
37	1591
466	539
9	843
7	1293
171	687
334	595
253	1169
311	189
766	1251
28	1592
128	1113
876	1439
49	678
334	824
89	947
89	1593
336	435
283	1594
778	1311
499	1595
83	416
354	5
354	792
128	1439
1596	760
1480	1167
226	1086
50	971
197	1597
89	1598
283	1428
37	1599
466	1571
499	1058
311	1173
9	1600
876	1292
572	550
50	1595
49	549
167	1208
197	627
212	1601
89	1432
283	1602
347	1603
466	1604
311	1605
83	1606
354	1169
123	1034
123	1607
400	1445
725	595
171	793
504	30
375	558
197	628
37	1608
494	604
354	575
388	700
572	935
1609	1610
49	1542
1332	1611
197	1612
778	678
253	435
123	971
9	1613
226	434
283	1614
37	1463
311	1523
358	8
131	44
49	1182
197	1615
70	1616
72	1148
1489	701
238	832
311	1617
311	1618
123	733
123	1086
725	974
131	1619
1620	223
49	1263
212	1271
336	1621
283	165
1622	777
280	868
499	16
9	37
7	258
358	512
572	1328
50	599
89	549
778	1113
37	1067
466	1567
123	1147
725	701
226	1623
50	526
283	1624
158	1109
1622	511
37	1625
253	438
28	472
876	27
1295	149
32	652
32	1242
89	8
336	1032
441	1626
494	675
123	1533
123	1627
1382	888
50	1322
504	1164
212	1047
204	225
441	1571
441	1462
158	1126
494	1628
28	1629
128	1141
128	1630
572	1631
50	415
72	419
336	1632
283	1452
283	1633
466	992
466	1148
311	1634
494	1148
9	1635
1588	1068
56	286
1380	498
1380	1214
283	1182
441	1254
1590	1209
1636	886
238	404
311	1341
123	1637
123	981
1638	1292
56	352
572	1126
50	514
1574	1639
89	533
336	1474
116	676
94	192
37	1015
280	318
354	467
123	1640
50	1292
167	1442
334	1147
238	333
311	1641
354	524
28	1642
572	1585
226	1643
167	322
197	1237
89	396
204	1644
336	315
441	1645
466	981
311	840
494	807
123	1454
123	1213
128	944
1646	338
171	1647
197	143
116	886
94	602
311	1101
123	836
9	1648
7	259
358	838
167	485
89	1344
89	1250
238	95
1147	1649
123	1650
123	1119
400	1651
1261	1161
7	652
876	512
572	530
572	498
987	295
49	1171
167	865
1265	333
494	1439
1261	887
56	635
131	1119
572	721
1295	997
32	1222
238	592
238	741
1545	1183
1545	807
9	562
400	1652
56	694
876	300
131	1322
197	1190
651	617
358	259
1380	727
167	65
197	1327
334	348
89	1653
204	448
336	705
283	573
238	565
499	440
1265	1232
253	1032
311	1654
123	599
28	1655
56	1656
388	1023
1380	117
72	825
89	1657
94	413
123	349
9	385
725	745
226	1111
197	1658
89	251
116	627
1590	1251
123	1659
1588	691
1660	524
1646	791
32	1126
441	1211
116	1661
753	1161
1382	1166
171	6
50	1125
49	1155
32	977
167	121
72	315
89	621
89	125
466	1109
388	977
7	1066
358	565
1662	700
49	1517
204	1292
253	500
354	322
28	1663
128	1664
128	1213
1665	162
167	1666
283	1667
94	386
238	545
238	322
37	1668
37	1669
499	270
311	1670
494	1372
28	1671
9	1046
1390	712
1638	815
876	42
876	106
725	712
572	490
171	1607
504	349
72	1672
238	620
238	585
1147	1673
123	162
9	1674
1382	1056
572	1012
336	1025
283	1675
441	563
311	1676
354	399
28	1677
388	779
7	431
572	1678
171	1029
171	1191
32	266
116	1144
253	687
1679	886
56	639
49	571
116	1217
158	1680
354	270
123	1681
1660	1141
876	129
725	365
572	1682
572	1414
171	1213
50	675
49	1353
167	286
466	420
311	1182
83	996
123	1683
1390	1328
128	1684
388	1465
7	485
572	251
171	1088
283	1685
238	1231
499	184
123	1018
123	1686
28	1687
1638	1088
876	1688
49	1031
32	692
197	1689
197	1144
72	1690
72	1297
158	1570
238	787
499	705
494	579
123	1691
123	1692
226	652
504	1292
167	1025
204	951
1590	977
494	1514
83	1456
123	1632
123	1693
28	1694
226	1468
1665	676
49	1124
49	1080
94	359
238	910
499	1695
494	1251
1545	838
9	1696
388	1217
32	471
72	1697
336	1191
37	1698
311	841
9	1699
572	1307
49	941
32	871
283	1094
441	359
123	1700
123	1251
9	1701
9	837
128	1029
388	845
876	1542
171	355
197	1702
116	1384
158	1320
37	1239
499	187
28	21
400	1703
1638	1371
388	1360
7	1061
572	1190
441	355
37	1704
354	586
28	1248
128	501
572	1469
226	700
1665	1191
167	1683
89	165
238	1210
238	1430
238	359
37	1705
311	1706
28	1707
572	145
226	1032
504	1690
32	599
375	118
89	1279
441	1708
441	1709
238	951
311	1324
123	1710
28	1711
50	807
49	1712
1295	84
197	1713
197	1078
72	946
72	421
89	1714
94	1715
238	1716
238	795
499	687
494	733
494	101
354	8
123	550
128	1124
56	938
167	463
197	1717
89	222
441	1024
238	621
494	42
123	1574
123	485
9	1718
388	1164
876	1025
131	310
131	1104
226	1719
49	201
197	1097
336	1720
116	1299
37	1721
37	1722
128	1672
876	974
32	1029
167	43
89	1723
238	627
7	579
1646	845
504	1251
116	1570
494	620
83	13
1545	322
354	1032
572	1239
1662	971
504	1724
167	512
94	1031
253	1191
253	1164
494	1128
1646	1725
358	368
336	5
253	925
494	563
1545	1277
354	254
9	1045
7	121
131	910
171	297
9	226
1638	1304
56	1063
388	1726
7	908
1646	712
50	1727
89	1728
37	1729
37	1730
311	868
7	1198
358	270
1662	595
171	1731
50	1023
504	1732
72	163
499	104
311	1110
9	106
400	910
1646	1161
1646	1059
358	1141
131	1183
1662	1169
50	1387
49	1583
336	1607
94	1733
123	1406
226	1336
50	1209
1295	505
167	815
158	118
158	1066
1590	1514
7	1371
876	1360
1665	563
504	1644
32	6
197	1734
253	1319
494	705
494	700
123	378
1646	654
167	1632
89	1735
238	925
311	1736
123	1737
28	385
128	946
171	42
50	1160
197	1738
72	705
89	1534
37	964
32	1191
197	1739
89	976
89	991
336	1147
311	1413
123	448
1646	1359
50	281
441	1186
94	1309
128	673
388	1088
358	1459
89	355
116	900
238	1201
9	1540
226	1186
226	8
1662	1154
72	1478
89	550
116	1322
311	1740
354	1076
354	1126
123	1532
7	1263
131	1741
226	1198
441	903
158	969
238	1742
238	1743
83	1010
354	1242
128	793
226	1427
226	419
1665	1096
49	1386
253	890
123	1355
9	1744
128	1745
56	628
56	974
1662	599
504	599
49	1148
49	1432
253	1630
83	969
123	1746
123	1747
123	1748
7	482
7	616
876	687
49	485
197	993
494	501
494	10
56	390
388	419
7	322
171	798
32	1304
336	30
441	981
116	705
354	526
1390	742
388	1374
171	359
72	1439
441	1290
238	1351
311	1749
494	1750
56	1751
876	1078
171	753
197	1752
336	1126
1590	1463
238	1753
499	501
123	1754
123	1255
9	1755
388	997
504	664
116	1126
94	330
123	675
1390	1063
1638	386
1662	1311
504	435
49	570
89	145
89	1756
441	1300
158	359
131	1757
171	1025
50	1683
49	826
441	848
441	977
494	871
354	559
358	705
50	961
504	1346
32	825
72	687
116	149
158	286
123	1311
1662	526
116	483
238	1452
494	1758
83	210
1545	386
354	1632
131	585
197	1759
89	1044
123	1760
1390	744
388	106
32	399
238	438
494	1761
354	1762
9	1430
128	1763
7	1141
226	1113
167	435
72	838
94	853
238	8
9	1269
226	1119
50	1025
167	1700
1590	1111
83	1012
56	702
1662	449
1665	595
49	1214
72	1459
441	1533
123	1191
123	1526
128	440
56	1399
7	949
32	627
197	1764
336	1119
158	6
83	928
83	1258
123	1224
9	1403
1390	57
226	893
167	1454
441	628
499	1765
876	10
50	1268
197	1079
89	1453
336	514
158	890
354	1208
123	1570
388	448
876	467
226	1360
1665	838
197	1340
238	892
354	27
123	605
7	5
504	370
49	1316
167	678
72	1766
336	1767
354	1768
9	1769
128	652
226	1763
504	375
9	1677
358	1126
158	1248
388	1770
336	681
336	448
354	971
876	1210
1295	322
89	1271
123	1771
7	222
167	1720
50	163
253	1726
226	541
876	1772
358	1023
50	30
89	1773
50	1111
89	1774
1638	1419
50	434
158	753
32	505
1545	1292
116	1775
494	259
876	890
72	824
123	1767
388	1776
197	1323
123	992
89	1441
49	1292
116	167
358	824
1590	1777
123	1778
72	438
504	1191
336	1371
83	1183
158	440
9	1226
441	630
354	1387
388	512
441	1557
167	807
128	1088
388	1779
7	1419
226	997
9	1308
123	163
94	1469
238	1650
499	1374
128	1387
441	1780
89	558
9	1781
494	985
388	985
354	890
83	1061
1665	977
94	795
32	1248
56	975
1665	322
94	1141
400	579
56	1210
1295	270
56	922
504	558
358	435
123	358
123	1292
354	602
7	1094
56	862
128	1782
441	1109
116	501
49	721
504	281
1545	900
94	873
123	1439
89	1450
336	1164
128	368
123	1783
400	449
56	646
504	1474
167	1277
7	498
238	1346
358	1784
336	489
83	1366
123	1109
89	1785
123	1214
504	1786
56	1787
49	1788
876	244
167	1559
9	24
128	298
226	1789
499	47
123	1169
1638	1032
32	890
7	1439
400	892
336	162
72	1790
50	1368
89	834
72	1791
400	654
7	1792
499	815
123	1793
9	199
876	1794
89	1217
9	1795
72	1475
388	1311
354	900
388	925
336	349
158	106
354	1474
128	807
128	838
441	1732
167	163
388	1650
499	1011
9	521
1665	512
167	1533
94	1406
89	1431
72	1763
49	944
7	349
1295	838
50	1442
83	1618
116	1796
83	485
56	1797
32	1366
1545	1251
94	1585
388	162
116	727
226	1615
354	512
50	1018
32	1209
354	825
72	435
238	1044
358	500
49	258
7	566
32	349
72	198
72	1798
441	1799
89	840
226	1
336	1304
1545	890
400	1800
1295	1292
504	925
388	807
72	1109
49	1801
238	1037
32	121
1638	106
56	264
504	1209
354	1576
441	1586
49	1802
123	1803
358	47
50	1804
336	479
388	1561
50	1254
89	1805
876	121
1665	297
7	931
123	7
226	1254
336	1257
400	1133
441	421
89	201
123	1806
123	900
388	1277
354	1320
9	465
128	526
1545	415
336	1278
441	879
128	1292
72	1025
388	1208
72	1360
56	1807
388	824
123	1131
128	1808
400	835
7	944
238	1062
354	469
9	1138
9	440
50	540
9	1809
167	1690
32	601
9	1298
388	900
504	1371
94	124
83	1553
128	418
167	1522
49	1532
49	835
504	1166
7	1727
89	1736
336	586
441	1778
32	51
89	1312
226	1550
89	1810
238	1168
89	1575
50	1478
123	1217
7	705
354	1319
400	1811
358	1812
504	163
354	1304
354	969
1665	675
9	912
49	903
354	1183
504	1813
56	760
441	50
49	885
388	753
358	1814
1638	419
50	1217
1545	30
128	815
238	833
167	705
123	961
49	1232
123	759
504	1076
226	630
1638	225
123	1815
128	1208
89	743
238	570
226	1770
1638	361
56	1816
9	1707
7	793
50	432
32	1372
128	315
9	1629
89	259
123	1300
388	1812
504	1817
158	595
441	1323
123	1818
441	1248
32	1208
1638	977
83	641
504	432
1638	599
226	1748
32	1819
158	693
7	151
158	1010
123	1820
238	1821
226	865
72	1268
441	912
72	1191
1295	1822
1665	1789
7	1207
388	1823
128	705
1665	815
167	1124
1545	1720
32	1292
49	1824
354	122
167	1029
89	1825
167	879
354	365
49	1826
504	500
72	1088
83	631
7	1827
89	1828
49	594
72	5
9	1829
128	1830
49	1831
238	396
226	1251
32	676
441	1013
50	422
32	500
354	1113
354	1454
226	526
354	47
9	901
128	27
89	1832
123	1369
32	501
49	1833
123	637
7	550
50	467
1295	1248
89	1248
1665	1169
83	1792
123	1834
9	1835
1545	300
504	628
167	912
89	1836
354	734
167	1837
89	1838
1545	1029
72	513
32	1839
167	1814
72	865
123	1254
83	435
226	1257
504	865
441	747
49	643
72	1427
9	120
89	1840
123	1841
116	1453
354	1371
116	1842
83	922
9	1843
50	1844
354	386
123	892
72	1595
123	1776
167	1845
89	1846
83	892
354	1311
9	232
167	673
7	910
49	1847
354	1848
1295	807
226	733
226	1570
128	970
128	1849
1545	1463
83	1031
50	1720
167	333
158	1048
226	1502
7	286
9	635
441	759
49	1850
441	1632
7	838
32	1851
1545	1023
354	1048
1295	565
441	1327
123	1666
116	1210
354	348
504	319
504	149
9	1852
1665	865
32	1339
7	787
72	104
1665	1726
50	1257
226	1853
9	1854
49	1298
354	1791
128	500
123	338
72	467
504	1428
7	1427
226	469
9	1855
504	1025
9	785
72	1368
50	879
504	167
9	1282
83	765
1665	425
72	1856
123	1857
1545	1420
7	1025
49	295
50	1251
72	565
128	61
226	1767
72	1474
167	1858
123	879
158	1736
441	281
504	1465
1295	483
32	1859
72	1245
158	970
158	1257
123	1643
158	1209
354	1384
128	753
167	500
167	676
226	1387
123	1557
504	419
7	1860
167	1570
441	1086
354	421
83	1861
1545	1454
441	1366
7	1632
441	1862
158	1439
32	421
9	1492
1665	412
32	106
354	1507
441	1771
9	1863
128	1110
354	210
32	1277
128	333
72	1864
9	1865
49	1523
1295	1257
1665	673
50	1866
441	1867
226	838
128	1119
441	1868
1665	293
158	1096
83	879
50	483
123	1198
504	156
83	925
123	1869
7	1539
49	1870
1545	1148
1295	1018
128	434
1295	1871
441	1872
226	512
50	1141
123	1873
1665	485
50	910
504	825
123	1862
7	1214
7	798
49	1047
354	1222
158	144
1545	971
123	1837
72	1627
504	1874
167	894
1545	1301
50	997
83	1062
32	419
1665	692
83	365
354	1366
504	1875
354	696
7	241
9	1052
128	1539
128	1876
128	971
128	1239
128	1571
128	1210
128	1877
128	664
128	1878
128	300
128	1879
128	1880
128	254
128	1881
128	1882
128	1883
128	1459
128	7
128	571
128	175
128	893
128	1500
128	1884
128	1632
128	1766
128	1789
128	1783
128	483
128	824
128	1885
128	1688
128	1858
128	1427
128	1318
128	549
128	169
128	681
128	1886
128	1186
128	1887
128	563
128	1888
128	1125
128	198
128	1889
128	1372
128	1031
128	303
128	1468
128	1890
128	1891
128	730
128	601
128	435
128	270
128	285
128	693
128	1762
128	1892
128	1893
128	1894
128	663
128	1281
128	1895
128	1896
128	1897
128	1078
128	1154
128	1898
128	1899
128	1819
128	1700
128	1900
128	1640
128	836
128	969
128	1198
128	700
128	294
128	779
128	1901
128	451
128	1567
128	1815
128	1311
128	8
128	505
128	1246
128	1902
128	1903
128	1408
128	620
128	1791
128	359
128	1574
128	595
128	1904
128	848
128	604
128	733
128	1683
128	1726
128	687
128	1905
128	349
128	1768
128	1076
128	1690
128	1319
128	1906
128	1907
128	47
128	1301
128	438
128	641
128	1908
128	1550
128	1860
128	1909
128	448
128	1910
128	512
128	1032
128	1169
128	1568
128	1911
128	101
128	412
128	30
128	786
128	997
128	471
128	1627
128	1912
128	486
128	1820
128	1251
128	44
128	1178
128	985
128	1576
128	314
128	1760
128	696
128	982
128	981
128	106
128	514
128	1092
128	627
128	1383
128	692
128	1559
128	466
128	13
128	1748
128	1268
128	1325
128	1913
128	1814
128	1914
128	531
128	890
128	1080
128	1915
128	1054
128	1096
128	643
128	1175
128	1916
128	835
128	1214
128	694
128	1776
128	1147
128	1160
128	1217
128	1917
128	1868
128	1406
128	426
128	1862
128	386
128	1918
128	666
128	1792
128	1355
128	1919
128	1856
128	1454
128	425
128	439
128	1920
128	676
128	1921
128	1111
128	1922
128	1923
128	1360
128	565
128	415
128	1643
128	1806
128	1474
128	241
128	1924
128	1925
128	678
128	941
128	1737
1926	1927
1926	1928
76	1172
76	1929
1495	1930
254	1931
254	558
254	1932
254	1933
254	1934
522	1935
145	1936
388	1937
388	969
7	1837
7	1210
7	1459
7	1938
7	1132
7	631
7	1372
7	1223
7	501
7	1231
7	1104
7	687
7	1456
7	970
7	807
7	1463
7	879
7	513
7	1939
7	1940
7	475
7	974
7	1830
7	1814
7	48
7	1526
7	1147
7	1160
7	1217
7	1368
7	1454
7	1806
313	1078
313	1266
174	1310
174	1266
174	1941
174	1928
220	1942
15	1267
15	1796
876	1943
202	1597
202	1944
202	793
612	78
0	1163
0	1945
0	1266
0	1946
0	1928
195	1947
343	1948
295	1949
91	1520
91	1347
118	1950
118	1452
366	1104
180	1597
180	1951
180	1163
180	1952
180	1711
180	1606
180	878
180	902
590	1953
590	1954
590	902
303	1955
303	1928
351	1956
351	1928
351	1957
4	1958
4	1959
4	1960
4	1961
496	1962
496	1963
226	992
226	1720
226	1029
226	1964
226	1196
226	563
226	1888
226	631
226	303
226	5
226	1893
226	1384
226	868
226	1965
226	1941
226	1966
226	1768
226	1319
226	578
226	1169
226	1278
226	1627
226	470
226	266
226	1268
226	1776
226	533
226	1697
226	1778
1620	1967
1620	1928
555	1941
67	1968
67	1331
397	902
324	1969
1665	1970
1665	1023
1665	1124
1665	1025
1665	849
1665	1650
1665	1971
1665	1029
1665	434
1665	1972
1665	1890
1665	163
1665	463
1665	1478
1665	1973
1665	1974
1665	50
1665	1061
1665	1154
1665	1975
1665	969
1665	1183
1665	1976
1665	700
1665	294
1665	1452
1665	1977
1665	1351
1665	733
1665	687
1665	845
1665	1690
1665	1907
1665	1978
1665	764
1665	1119
1665	1387
1665	1257
1665	1979
1665	418
1665	244
1665	1607
1665	1032
1665	925
1665	1086
1665	101
1665	38
1665	61
1665	997
1665	378
1665	1251
1665	1440
1665	985
1665	266
1665	1255
1665	1980
1665	708
1665	539
1665	399
1665	1559
1665	121
1665	319
1665	1830
1665	751
1665	1915
1665	1981
1665	1812
1665	1982
1665	1454
1665	599
1665	533
1665	1542
1665	436
1665	1983
171	1984
171	934
50	1985
50	1837
50	1986
50	1877
50	300
50	1374
50	586
50	824
50	1029
50	365
50	1858
50	1964
50	1864
50	1987
50	1561
50	419
50	1988
50	1989
50	1170
50	1990
50	1991
50	1183
50	1992
50	1993
50	779
50	1994
50	1763
50	595
50	995
50	1465
50	47
50	764
50	296
50	1995
50	677
50	900
50	925
50	1169
50	865
50	1278
50	985
50	1996
50	792
50	981
50	1761
50	1096
50	386
50	1355
50	1997
50	676
50	214
50	43
50	1998
50	1999
50	1778
504	1239
504	541
504	1304
504	2000
504	483
504	1318
504	124
504	563
504	198
504	2001
504	601
504	1532
504	1763
504	604
504	1499
504	218
504	38
504	539
504	506
504	2002
504	436
504	1806
74	2003
74	2004
74	2005
74	2006
49	1989
1295	2007
1295	971
1295	664
1295	1029
1295	705
1295	1819
1295	1164
1295	1183
1295	2008
1295	1763
1295	368
1295	1222
1295	47
1295	1387
1295	900
1295	1169
1295	1568
1295	1255
1295	319
1295	1355
1295	1126
1157	2009
1157	2010
32	1514
32	971
32	1837
32	589
32	1681
32	992
32	1210
32	1813
32	2011
32	1720
32	2012
32	1879
32	254
32	1025
32	522
32	849
32	2013
32	2014
32	2015
32	1570
32	1884
32	2016
32	1632
32	1766
32	2017
32	2018
32	1834
32	1207
32	2019
32	483
32	824
32	2020
32	365
32	434
32	1858
32	1771
32	444
32	681
32	2021
32	1187
32	563
32	1888
32	267
32	1125
32	198
32	1132
32	2022
32	2023
32	281
32	730
32	2024
32	163
32	1522
32	285
32	2025
32	2026
32	1478
32	2027
32	2028
32	1845
32	1893
32	498
32	2029
32	1131
32	1195
32	225
32	1410
32	95
32	2030
32	2031
32	2032
32	1349
32	1439
32	1560
32	836
32	628
32	1775
32	370
32	969
32	2033
32	1198
32	700
32	294
32	1546
32	2034
32	2035
32	1808
32	10
32	2036
32	1063
32	1815
32	2037
32	1710
32	894
32	1763
32	1419
32	1784
32	595
32	1245
32	2038
32	1841
32	1013
32	733
32	1683
32	1726
32	2039
32	2040
32	687
32	2041
32	2042
32	1583
32	1768
32	1076
32	1690
32	1465
32	1109
32	47
32	1779
32	1680
32	1387
32	1301
32	438
32	1346
32	2043
32	129
32	964
32	879
32	1499
32	1860
32	448
32	2044
32	1746
32	1818
32	677
32	154
32	1645
32	1507
32	512
32	143
32	1032
32	1169
32	673
32	865
32	1568
32	1911
32	218
32	144
32	412
32	38
32	328
32	27
32	61
32	348
32	2045
32	997
32	2046
32	2047
32	1630
32	1464
32	378
32	1912
32	2048
32	1251
32	1178
32	1576
32	2049
32	1745
32	792
32	1322
32	315
32	540
32	514
32	839
32	793
32	539
32	637
32	506
32	1559
32	96
32	1268
32	1325
32	1830
32	1913
32	2050
32	1857
32	2051
32	1066
32	48
32	1080
32	1915
32	1054
32	1096
32	2052
32	1916
32	1122
32	1526
32	1394
32	1214
32	694
32	1776
32	1147
32	2053
32	1217
32	1406
32	217
32	666
32	1368
32	632
32	1355
32	1856
32	2054
32	425
32	2055
32	2056
32	2057
32	533
32	2058
32	2059
32	2060
32	2061
32	1111
32	213
32	1360
32	2062
32	415
32	122
32	43
32	338
32	1462
32	1767
32	84
32	1778
32	678
32	941
32	559
32	1804
32	297
77	1394
167	2063
167	1520
167	1266
167	2064
821	1967
2065	2066
212	124
70	959
70	2063
70	2067
70	1266
70	22
770	2068
770	2069
72	2070
72	2071
72	1321
72	1450
72	664
72	1023
72	254
72	145
72	1883
72	65
72	849
72	2013
72	1770
72	443
72	2018
72	1393
72	91
72	434
72	2072
72	2073
72	2074
72	2075
72	1018
72	2021
72	1539
72	538
72	40
72	124
72	1887
72	563
72	1561
72	1890
72	1891
72	2076
72	382
72	1522
72	298
72	270
72	1762
72	1209
72	1893
72	1894
72	1713
72	2077
72	1061
72	2078
72	2079
72	2080
72	2032
72	2081
72	1198
72	1793
72	1444
72	167
72	779
72	2035
72	1695
72	1106
72	8
72	2082
72	368
72	1833
72	1037
72	2083
72	63
72	1841
72	1557
72	949
72	252
72	797
72	349
72	1768
72	1076
72	1141
72	1465
72	47
72	1502
72	1463
72	1301
72	1346
72	879
72	448
72	418
72	925
72	1169
72	30
72	328
72	2084
72	2085
72	1630
72	1912
72	1251
72	1510
72	266
72	1760
72	2086
72	594
72	982
72	627
72	399
72	1831
72	1559
72	1830
72	2050
72	1814
72	531
72	1080
72	1916
72	694
72	1776
72	1147
72	2087
72	1812
72	1517
72	977
72	1355
72	2055
72	2056
72	2088
72	1921
72	2089
72	2090
72	122
72	338
72	84
72	1442
72	1804
72	1150
72	293
476	2091
476	207
476	2092
476	167
476	2093
476	902
1489	2094
1489	378
880	2095
334	1478
334	2096
89	2097
532	2080
136	1266
136	1928
136	1466
583	1266
583	1928
1077	2066
720	2098
68	2099
68	1928
68	1467
283	2100
283	2101
283	1266
283	2102
441	804
441	1393
441	1693
441	2103
441	1452
441	2104
441	1683
441	2105
441	2058
116	2106
116	2107
116	117
116	2108
116	2109
116	1990
116	1327
116	661
116	2110
116	1246
116	1222
116	2111
116	2112
116	2113
154	2114
154	2067
158	2115
158	1514
158	1970
158	1837
158	922
158	1586
158	1023
158	2116
158	1650
158	168
158	2117
158	824
158	1029
158	365
158	1688
158	73
158	1148
158	1771
158	563
158	251
158	198
158	511
158	2118
158	1475
158	1191
158	163
158	601
158	463
158	298
158	5
158	1751
158	1068
158	1478
158	638
158	1845
158	1893
158	646
158	249
158	1108
158	1073
158	2119
158	815
158	225
158	95
158	1371
158	1819
158	838
158	1700
158	1349
158	1384
158	1991
158	1079
158	1198
158	1062
158	167
158	2120
158	10
158	1815
158	1419
158	1037
158	1245
158	1557
158	733
158	807
158	1690
158	431
158	2121
158	1141
158	1465
158	47
158	1208
158	1502
158	1100
158	2043
158	879
158	944
158	1550
158	1860
158	1818
158	1684
158	512
158	1169
158	1088
158	865
158	156
158	42
158	328
158	44
158	2122
158	594
158	540
158	747
158	839
158	692
158	1559
158	951
158	13
158	795
158	1054
158	1314
158	1211
158	1217
158	910
158	1366
158	386
158	666
158	632
158	1454
158	1360
158	21
158	1806
158	1254
158	1462
158	517
158	1442
158	1474
158	1750
158	1778
158	2123
289	1163
144	556
66	2124
66	1310
66	2125
66	558
66	2126
66	2127
66	2128
66	1144
66	2129
66	2130
341	2131
94	2132
94	267
1622	2133
651	2134
651	2135
238	780
238	1455
266	134
266	2136
266	1949
266	2137
266	1094
361	1597
361	2054
778	2126
778	2138
854	338
37	1932
37	2139
37	2140
345	2141
121	2142
121	1166
121	2143
121	1663
472	2144
472	2096
499	2145
499	1941
109	1932
109	1874
307	765
23	1179
23	1799
23	2146
23	2147
23	2148
23	957
23	1467
112	2149
112	2150
112	1310
112	712
112	2151
112	1941
112	2152
112	1394
447	2153
100	165
1147	1949
1155	2154
126	2155
1050	2156
34	2157
462	941
253	620
253	2158
253	835
253	1981
311	2159
311	2160
311	2063
311	2161
311	1163
311	1989
311	2162
311	2163
311	862
311	902
311	2164
102	2165
102	2096
102	341
102	1923
766	2166
1181	1928
271	2167
494	125
83	654
83	1161
83	286
83	1108
83	1371
83	760
83	700
83	2168
83	595
83	2169
83	2084
83	839
83	1314
245	2170
245	42
1545	1837
1545	922
1545	2171
1545	664
1545	1025
1545	1884
1545	2172
1545	483
1545	1688
1545	563
1545	833
1545	281
1545	1191
1545	298
1545	1894
1545	815
1545	225
1545	1664
1545	639
1545	1198
1545	1104
1545	197
1545	1408
1545	1245
1545	1841
1545	1557
1545	604
1545	2173
1545	1465
1545	1109
1545	47
1545	1113
1545	2174
1545	2175
1545	244
1545	512
1545	1032
1545	101
1545	42
1545	189
1545	627
1545	1559
1545	13
1545	319
1545	1096
1545	694
1545	1147
1545	2002
1545	1355
1545	1856
1545	2176
1545	2055
1545	2058
1545	2177
1545	1442
2178	1942
354	1513
354	2179
354	1514
354	454
354	1239
354	1837
354	2180
354	1644
354	1023
354	300
354	457
354	1025
354	1344
354	1459
354	65
354	2181
354	175
354	193
354	1034
354	1650
354	1570
354	1851
354	2172
354	1789
354	1666
354	2182
354	2183
354	824
354	1693
354	1029
354	2184
354	1885
354	489
354	1688
354	2185
354	549
354	1018
354	1539
354	2186
354	40
354	2187
354	1887
354	563
354	1801
354	198
354	1889
354	1561
354	1191
354	163
354	1533
354	601
354	463
354	1522
354	286
354	479
354	1068
354	2026
354	1478
354	1209
354	2188
354	1432
354	2119
354	2189
354	1195
354	225
354	1410
354	95
354	2190
354	2030
354	1509
354	2031
354	1439
354	1164
354	2191
354	2081
354	2192
354	1990
354	1991
354	940
354	915
354	1976
354	760
354	1198
354	700
354	2193
354	2194
354	1993
354	779
354	566
354	2035
354	2195
354	1453
354	2196
354	1844
354	1763
354	1272
354	620
354	1419
354	368
354	2197
354	2198
354	595
354	1245
354	2199
354	2200
354	848
354	733
354	1726
354	845
354	1966
354	1612
354	970
354	2201
354	1690
354	2202
354	1502
354	1292
354	944
354	1550
354	1860
354	448
354	2203
354	1257
354	1798
354	677
354	418
354	2204
354	500
354	244
354	1684
354	6
354	818
354	925
354	865
354	1086
354	101
354	144
354	81
354	38
354	30
354	328
354	378
354	486
354	753
354	389
354	1251
354	44
354	1440
354	2205
354	1255
354	594
354	961
354	747
354	839
354	1110
354	539
354	692
354	951
354	121
354	13
354	1748
354	96
354	1268
354	655
354	739
354	1160
354	977
354	1355
354	630
354	425
354	2206
354	1672
354	772
354	1542
354	2207
354	1360
354	1806
354	1254
354	338
354	1998
354	1277
354	1213
354	297
161	1928
161	1923
161	2208
877	212
1249	2209
1249	275
135	116
135	2006
261	2210
678	2211
678	653
678	902
123	2212
123	2213
123	1720
123	2214
123	2215
123	2216
123	2217
123	2218
123	1969
123	2219
123	2220
123	1797
123	889
123	486
123	2111
123	792
123	575
123	194
123	2208
340	1166
150	2221
150	2222
150	2223
28	284
9	654
9	1671
9	2224
9	2225
9	2226
9	1248
9	2227
9	1132
9	1642
9	228
9	2228
9	1608
9	2229
9	1280
9	2230
9	2231
9	955
9	2232
9	2233
9	622
9	2234
9	1592
9	1436
9	1487
9	594
9	472
9	48
9	109
9	2235
9	1093
9	2236
9	878
9	772
9	21
9	2237
9	1466
9	2238
79	654
79	1229
133	780
133	1928
133	1796
133	749
293	2066
293	1226