659
0 76
0 8
1 178
1 4
2 3
3 181
3 61
3 42
3 2
4 132
4 96
4 164
4 111
4 1
4 72
4 183
5 8
5 153
5 156
6 70
6 187
7 90
7 59
8 161
8 0
8 5
8 46
8 189
9 61
9 106
9 163
9 167
9 74
9 191
9 38
10 59
10 139
11 101
11 88
11 66
11 120
12 90
12 79
12 115
12 42
12 28
12 37
12 162
13 70
14 101
14 122
14 22
14 15
15 14
16 102
17 129
17 187
18 83
18 454
19 175
19 137
19 633
20 153
21 82
21 190
22 14
22 46
22 50
22 43
22 41
22 266
23 63
23 132
24 124
24 119
25 174
25 86
26 65
26 83
27 37
27 32
27 195
28 12
28 42
28 131
29 63
29 142
30 87
30 89
31 174
31 163
32 78
32 191
32 27
33 67
33 77
33 70
34 181
35 66
36 175
36 88
37 12
37 81
37 27
38 9
38 118
39 60
39 85
40 148
41 22
42 3
42 12
42 28
42 47
43 22
44 186
45 105
45 65
46 54
46 8
46 22
46 136
46 179
47 42
48 119
48 97
49 96
49 86
49 98
50 22
50 114
51 78
51 61
52 113
53 90
53 73
54 150
54 63
54 46
55 93
56 92
56 96
56 89
57 74
57 123
57 155
57 605
58 106
58 161
58 165
58 132
58 121
58 177
58 73
59 7
59 103
59 181
59 60
59 10
59 105
59 172
59 189
60 59
60 192
60 81
60 39
61 129
61 180
61 3
61 9
61 51
61 115
61 100
62 153
62 95
62 176
63 150
63 79
63 124
63 29
63 54
63 23
64 68
65 79
65 80
65 136
65 26
65 45
65 144
66 81
66 11
66 35
67 150
67 33
67 149
68 153
68 157
68 64
69 105
70 182
70 33
70 91
70 6
70 157
70 13
70 166
71 142
71 168
72 4
72 90
73 123
73 58
73 53
74 9
74 165
74 158
74 57
74 100
74 135
75 111
75 164
75 85
76 93
76 0
76 141
77 181
77 92
77 33
77 112
77 87
78 106
78 150
78 90
78 97
78 51
78 32
79 102
79 12
79 65
79 63
80 65
81 60
81 66
81 37
82 182
82 113
82 21
83 165
83 18
83 26
84 90
85 39
85 75
86 117
86 25
86 118
86 49
87 181
87 77
87 30
88 159
88 11
88 36
88 505
89 180
89 56
89 30
89 179
90 106
90 78
90 7
90 12
90 84
90 72
90 53
91 70
92 77
92 174
92 56
92 123
92 149
92 118
93 106
93 150
93 108
93 76
93 101
93 181
93 132
93 174
93 178
93 55
94 121
95 124
95 62
96 4
96 56
96 125
96 49
97 78
97 48
98 165
98 49
99 132
99 107
100 61
100 74
101 93
101 11
101 14
101 182
102 129
102 150
102 79
102 109
102 16
102 168
103 59
103 108
103 160
104 109
105 59
105 172
105 45
105 69
106 129
106 78
106 93
106 90
106 138
106 58
106 9
106 119
107 99
107 149
108 93
108 161
108 103
108 112
108 116
109 102
109 194
109 104
110 121
110 156
111 4
111 75
111 152
111 135
112 77
112 108
113 82
113 52
114 50
114 374
115 61
115 12
116 108
117 165
117 86
117 151
117 497
118 86
118 92
118 154
118 38
119 106
119 24
119 194
119 48
120 11
120 143
121 58
121 126
121 182
121 94
121 110
122 14
123 92
123 57
123 141
123 73
124 63
124 95
124 24
125 96
125 180
125 146
125 130
126 178
126 121
127 194
128 139
129 161
129 106
129 102
129 138
129 61
129 17
130 125
131 28
132 58
132 93
132 4
132 164
132 142
132 99
132 147
132 188
132 23
133 136
133 137
134 183
134 164
135 74
135 111
136 65
136 46
136 133
136 195
137 153
137 19
137 133
138 106
138 129
138 173
138 186
139 10
139 171
139 128
140 182
140 181
140 176
140 184
141 123
141 76
142 132
142 29
142 71
142 171
143 120
144 65
145 158
146 125
147 132
148 183
148 175
148 40
149 67
149 92
149 107
150 93
150 78
150 102
150 192
150 67
150 63
150 159
150 54
151 117
152 111
153 5
153 62
153 137
153 68
153 170
153 20
154 192
154 118
155 57
156 110
156 5
157 70
157 68
157 373
157 410
158 74
158 190
158 145
159 150
159 88
160 103
160 412
161 129
161 108
161 58
161 8
161 332
161 506
162 12
162 448
163 9
163 31
164 132
164 4
164 75
164 134
165 58
165 192
165 117
165 74
165 83
165 98
166 70
167 9
167 173
168 71
168 102
169 192
170 153
171 139
171 142
172 105
172 59
173 138
173 167
174 93
174 92
174 31
174 25
174 175
175 174
175 36
175 19
175 148
175 185
176 140
176 62
176 636
177 58
178 93
178 126
178 1
178 526
179 46
179 89
180 61
180 89
180 125
181 93
181 59
181 77
181 3
181 87
181 190
181 140
181 34
182 101
182 121
182 82
182 70
182 140
183 4
183 134
183 148
184 140
185 175
186 138
186 193
186 44
187 6
187 17
187 276
188 132
189 8
189 59
190 158
190 181
190 21
191 9
191 32
192 150
192 165
192 60
192 169
192 154
193 186
194 119
194 109
194 127
195 27
195 136
196 212
196 266
197 229
198 211
198 262
198 268
198 234
198 199
198 205
199 198
200 269
200 267
201 271
201 255
201 259
202 260
202 247
202 253
203 232
204 260
204 445
205 198
205 207
206 211
206 242
206 244
206 269
206 237
206 212
207 205
208 221
208 249
208 650
209 248
209 246
210 223
210 242
210 240
210 225
210 220
210 224
211 255
211 223
211 206
211 198
211 250
211 229
211 247
211 245
211 258
212 206
212 196
213 228
213 237
213 243
213 263
214 250
214 245
214 221
215 218
215 240
215 270
216 221
216 222
217 259
217 250
217 226
218 242
218 262
218 215
218 273
219 244
219 231
219 334
219 638
220 262
220 210
220 230
220 236
221 267
221 214
221 216
221 222
221 208
222 221
222 216
222 317
223 231
223 211
223 244
223 274
223 269
223 210
224 210
224 266
225 235
225 210
226 217
226 259
227 255
228 271
228 213
228 247
228 261
228 258
229 211
229 248
229 197
229 239
230 232
230 220
231 223
231 219
231 259
232 244
232 203
232 251
232 230
232 249
233 262
234 198
235 255
235 225
235 267
235 265
236 243
236 220
237 213
237 206
238 256
239 229
240 215
240 210
241 274
241 254
242 248
242 255
242 206
242 218
242 271
242 254
242 210
243 213
243 236
244 223
244 206
244 219
244 264
244 232
244 333
245 211
245 214
245 597
246 209
246 269
247 211
247 228
247 261
247 202
248 255
248 242
248 229
248 209
248 265
249 232
249 208
250 211
250 214
250 256
250 217
251 271
251 232
251 257
251 272
252 269
253 202
254 242
254 241
255 248
255 242
255 211
255 235
255 201
255 260
255 227
256 274
256 250
256 238
257 266
257 251
258 211
258 228
259 201
259 231
259 217
259 226
260 255
260 202
260 204
261 247
261 228
262 218
262 198
262 220
262 233
263 213
263 265
264 244
265 235
265 248
265 263
266 224
266 257
266 196
266 22
267 235
267 221
267 200
268 198
269 223
269 206
269 252
269 246
269 200
270 215
270 272
271 242
271 228
271 201
271 251
272 270
272 251
273 218
273 587
274 223
274 241
274 256
275 332
275 333
276 298
276 330
276 316
276 187
277 307
277 325
278 322
278 320
278 576
279 287
280 320
280 281
280 318
280 329
280 336
281 284
281 322
281 292
281 280
281 317
281 290
281 295
282 285
283 306
283 328
283 302
284 322
284 281
284 292
284 285
284 334
284 306
284 301
284 300
285 325
285 284
285 305
285 306
285 282
286 306
286 315
286 294
287 325
287 279
287 291
287 336
288 305
288 311
288 314
289 335
289 334
289 324
290 304
290 281
291 326
291 287
291 310
291 297
292 284
292 281
292 328
293 322
293 326
294 286
294 300
295 281
295 301
296 302
297 291
298 305
298 333
298 276
298 332
298 310
299 300
299 302
300 324
300 284
300 294
300 299
301 284
301 310
301 323
301 303
301 295
302 283
302 325
302 315
302 335
302 316
302 296
302 299
303 320
303 301
304 323
304 317
304 290
305 285
305 333
305 298
305 288
305 327
305 386
306 284
306 285
306 283
306 286
307 325
307 333
307 277
308 320
308 313
309 320
309 322
310 298
310 291
310 301
311 288
312 333
313 308
314 288
314 329
314 319
315 302
315 286
316 302
316 276
317 281
317 304
317 222
317 360
318 280
318 569
319 320
319 314
320 278
320 280
320 308
320 326
320 331
320 303
320 319
320 309
321 334
322 325
322 284
322 281
322 278
322 293
322 309
323 301
323 304
324 289
324 300
325 307
325 322
325 287
325 333
325 285
325 302
325 326
325 277
326 325
326 320
326 291
326 293
327 335
327 305
328 292
328 283
329 280
329 314
330 276
331 320
332 298
332 275
332 161
333 325
333 307
333 305
333 312
333 298
333 275
333 244
334 284
334 321
334 289
334 219
334 411
335 302
335 289
335 327
336 280
336 287
337 380
337 340
337 346
338 374
338 381
339 360
339 379
339 386
339 350
339 361
340 356
340 380
340 337
340 373
340 358
340 384
340 383
341 367
341 373
341 355
342 377
343 357
344 380
344 371
345 350
345 385
346 337
346 373
346 385
346 350
347 360
347 379
347 365
348 373
349 358
349 378
349 368
349 382
350 346
350 339
350 345
351 386
352 378
352 375
352 366
353 362
353 366
353 405
354 374
354 363
355 341
356 370
356 340
356 362
357 370
357 343
357 372
358 340
358 369
358 371
358 349
358 376
359 373
359 364
360 384
360 374
360 339
360 347
360 317
361 339
362 373
362 356
362 353
363 354
363 369
364 385
364 359
365 347
365 375
366 352
366 353
367 380
367 341
367 585
368 372
368 349
369 380
369 373
369 358
369 379
369 363
369 383
369 422
370 356
370 373
370 378
370 377
370 357
371 358
371 344
372 357
372 368
373 370
373 340
373 346
373 362
373 369
373 374
373 341
373 359
373 348
373 157
374 373
374 360
374 354
374 338
374 114
375 365
375 352
375 425
376 358
377 370
377 386
377 342
378 370
378 381
378 349
378 352
379 369
379 339
379 347
379 434
380 340
380 337
380 369
380 385
380 367
380 344
381 338
381 378
382 349
383 369
383 340
384 340
384 360
385 346
385 380
385 364
385 345
386 377
386 339
386 351
386 305
387 408
387 427
388 416
388 428
388 431
389 434
390 410
391 415
391 406
392 440
392 422
392 405
392 417
393 408
393 420
393 442
394 408
394 419
394 444
394 433
395 434
396 441
396 440
396 447
396 406
397 447
397 417
398 404
398 447
398 413
399 432
400 440
400 432
400 401
400 448
401 400
401 402
402 401
402 440
402 405
402 424
403 440
403 427
403 413
404 432
404 422
404 398
404 443
405 402
405 392
405 426
405 445
405 353
406 424
406 396
406 391
407 411
407 414
407 419
407 441
407 433
408 422
408 439
408 393
408 394
408 435
408 387
409 423
410 414
410 390
410 437
410 157
411 439
411 422
411 407
411 416
411 334
412 422
412 160
413 403
413 398
414 407
414 410
414 423
415 432
415 438
415 391
416 411
416 443
416 388
416 421
417 392
417 397
418 423
418 434
419 423
419 407
419 394
420 393
420 423
421 416
422 411
422 439
422 440
422 408
422 434
422 404
422 392
422 412
422 369
423 414
423 419
423 418
423 420
423 409
424 402
424 406
425 435
425 447
425 375
426 405
426 429
427 403
427 387
427 446
428 388
429 426
430 440
431 388
431 510
431 484
432 439
432 400
432 415
432 404
432 399
433 394
433 407
434 422
434 441
434 418
434 395
434 446
434 389
434 379
435 408
435 438
435 425
435 445
436 440
437 410
438 415
438 435
439 411
439 432
439 422
439 440
439 408
440 422
440 439
440 400
440 430
440 402
440 392
440 396
440 403
440 436
441 407
441 434
441 396
442 393
443 404
443 416
443 444
444 394
444 443
445 435
445 405
445 204
446 427
446 434
447 398
447 396
447 397
447 425
448 400
448 162
449 461
449 478
449 460
449 486
449 457
450 458
451 499
451 461
451 483
451 500
452 464
452 474
453 482
453 469
454 484
454 18
455 461
455 459
456 464
456 495
457 449
457 499
458 483
458 450
459 465
459 479
459 481
459 490
459 455
460 463
460 449
460 487
460 490
461 451
461 485
461 449
461 473
461 455
462 501
463 502
463 483
463 460
464 483
464 456
464 502
464 452
464 466
464 497
465 483
465 459
466 464
466 492
467 485
468 473
468 503
468 470
468 486
468 476
468 494
468 489
468 480
469 453
470 468
471 485
471 501
471 498
472 503
473 501
473 461
473 468
474 503
474 502
474 452
474 550
475 483
475 479
475 489
476 468
477 485
477 495
478 449
478 479
478 484
478 491
478 482
479 475
479 485
479 478
479 459
479 493
480 468
481 459
482 478
482 453
483 485
483 451
483 501
483 475
483 464
483 463
483 465
483 458
484 478
484 502
484 454
484 431
484 638
485 461
485 483
485 479
485 503
485 477
485 471
485 467
486 468
486 449
487 460
487 493
488 502
489 468
489 475
489 496
490 460
490 459
491 478
492 466
493 479
493 487
494 468
495 477
495 456
495 496
496 489
496 495
497 464
497 117
497 643
498 471
499 451
499 503
499 457
500 451
501 483
501 473
501 471
501 462
501 508
502 484
502 464
502 474
502 463
502 488
503 485
503 499
503 468
503 474
503 472
504 509
505 507
505 508
505 516
505 88
506 513
506 161
506 569
507 518
507 508
507 505
508 525
508 513
508 512
508 520
508 509
508 507
508 505
508 501
509 508
509 520
509 523
509 504
510 512
510 513
510 519
510 431
511 525
511 521
511 518
511 520
512 525
512 508
512 510
512 514
512 643
513 525
513 508
513 510
513 506
514 512
515 521
516 505
517 520
518 526
518 511
518 507
518 519
519 510
519 518
520 511
520 508
520 509
520 517
521 511
521 515
521 523
521 522
522 521
522 526
523 521
523 509
524 526
525 511
525 508
525 526
525 513
525 512
526 525
526 524
526 518
526 522
526 178
527 578
527 536
527 544
528 580
528 554
529 563
529 595
529 537
530 577
530 576
531 578
531 584
532 544
532 583
533 565
533 564
533 573
534 568
534 584
535 595
535 576
536 527
536 577
536 580
536 558
536 549
537 581
537 529
537 541
538 559
538 561
538 556
538 547
539 567
540 560
540 554
541 544
541 537
542 577
543 545
543 584
544 527
544 532
544 555
544 541
545 565
545 554
545 568
545 566
545 596
545 543
546 588
546 547
547 538
547 546
548 583
549 555
549 536
550 596
550 561
550 474
551 571
551 583
552 591
552 554
553 554
553 596
553 572
553 597
553 582
554 545
554 559
554 571
554 553
554 591
554 552
554 528
554 540
555 544
555 581
555 549
556 538
556 559
556 579
557 578
557 587
558 575
558 536
558 592
558 569
559 538
559 578
559 554
559 568
559 556
559 586
560 595
560 540
561 538
561 595
561 567
561 550
562 576
562 579
562 588
562 597
563 591
563 529
563 569
564 571
564 533
565 578
565 545
565 584
565 567
565 533
566 578
566 545
566 576
566 586
566 585
566 570
567 561
567 565
567 594
567 539
568 559
568 545
568 593
568 534
569 563
569 558
569 506
569 318
570 566
570 586
571 578
571 554
571 594
571 551
571 575
571 564
572 579
572 553
573 533
574 582
575 571
575 596
575 558
576 566
576 584
576 562
576 535
576 530
576 278
577 536
577 587
577 542
577 530
578 559
578 565
578 527
578 531
578 571
578 566
578 557
579 584
579 556
579 562
579 572
580 536
580 528
581 555
581 537
582 553
582 574
583 532
583 551
583 548
584 565
584 531
584 579
584 576
584 543
584 534
585 566
585 367
586 566
586 559
586 570
587 577
587 557
587 273
588 562
588 595
588 546
588 589
589 588
590 591
590 596
591 554
591 552
591 590
591 563
592 594
592 558
593 568
594 571
594 567
594 592
595 588
595 561
595 535
595 529
595 560
596 545
596 553
596 550
596 575
596 590
597 553
597 562
597 245
598 656
599 621
599 619
599 637
599 620
599 650
600 637
600 610
601 619
601 658
602 637
602 654
602 655
602 609
603 621
603 627
603 643
603 631
604 608
604 632
604 627
605 637
605 656
605 608
605 647
605 57
606 628
606 616
606 615
606 612
607 636
607 624
607 649
608 618
608 605
608 604
608 611
609 602
610 638
610 600
611 608
611 645
612 606
613 641
614 632
615 606
616 606
616 635
616 630
617 621
618 656
618 632
618 608
618 644
618 634
619 599
619 628
619 620
619 638
619 623
619 601
619 648
619 625
620 599
620 619
621 656
621 632
621 599
621 651
621 624
621 603
621 617
622 656
622 626
623 619
623 632
624 621
624 650
624 607
625 619
626 622
626 633
627 604
627 603
627 641
628 632
628 656
628 619
628 606
628 639
628 646
629 654
629 645
630 645
630 616
631 603
632 628
632 621
632 637
632 623
632 614
632 635
632 618
632 604
633 626
633 19
634 618
635 616
635 632
636 656
636 607
636 176
637 632
637 599
637 602
637 605
637 600
637 657
638 619
638 610
638 219
638 484
639 628
639 640
640 639
641 644
641 627
641 642
641 613
642 641
643 603
643 497
643 512
644 618
644 641
645 629
645 630
645 653
645 652
645 611
646 628
646 658
647 605
647 652
648 619
648 651
649 607
650 599
650 624
650 208
651 621
651 654
651 648
652 645
652 647
653 645
654 602
654 651
654 629
655 602
656 628
656 621
656 605
656 622
656 636
656 618
656 598
657 637
658 601
658 646
