612
0 22
0 70
1 58
1 61
2 47
3 63
3 5
4 69
4 28
4 47
4 46
5 3
5 83
6 63
6 21
6 41
6 84
7 28
7 9
7 75
7 18
8 52
8 44
8 42
9 72
9 7
10 69
10 83
10 82
10 42
11 37
11 80
12 15
13 29
14 63
14 55
15 25
15 21
15 12
15 43
16 54
16 31
17 45
18 53
18 7
19 48
20 60
20 68
20 272
21 52
21 6
21 49
21 15
21 67
22 39
22 63
22 78
22 30
22 0
22 57
23 70
23 34
24 32
24 61
25 70
25 39
25 79
25 68
25 15
25 27
26 41
27 25
27 57
28 36
28 4
28 52
28 7
29 36
29 63
29 65
29 13
29 71
30 22
31 61
31 16
32 69
32 44
32 24
33 39
34 78
34 65
34 23
35 82
36 28
36 39
36 29
36 60
36 70
37 63
37 65
37 48
37 11
37 53
38 61
38 78
39 36
39 22
39 69
39 78
39 60
39 52
39 25
39 33
40 69
40 59
40 73
40 74
41 59
41 6
41 26
42 10
42 8
43 15
44 32
44 8
45 65
45 17
46 73
46 4
47 59
47 4
47 2
48 37
48 19
49 21
49 77
50 78
50 59
51 69
52 39
52 28
52 21
52 58
52 8
53 63
53 37
53 18
54 73
54 56
54 16
55 14
55 73
56 69
56 54
57 22
57 27
58 52
58 69
58 61
58 1
58 80
59 50
59 47
59 40
59 41
59 66
60 39
60 36
60 20
61 58
61 31
61 1
61 81
61 24
61 38
62 75
63 69
63 22
63 29
63 6
63 14
63 37
63 3
63 53
64 70
65 29
65 34
65 45
65 37
66 59
67 21
68 25
68 20
69 39
69 63
69 4
69 72
69 10
69 40
69 58
69 56
69 32
69 51
70 36
70 64
70 74
70 25
70 0
70 23
71 29
72 69
72 9
73 40
73 54
73 55
73 46
74 40
74 70
75 7
75 62
76 78
77 49
78 39
78 22
78 50
78 34
78 76
78 38
79 25
80 58
80 11
81 61
82 10
82 35
83 10
83 5
84 6
85 114
85 181
85 189
86 181
86 95
86 160
86 102
87 116
88 193
88 197
89 198
89 180
89 172
90 94
90 148
90 169
90 196
91 198
92 180
92 153
92 122
92 101
92 144
93 146
94 181
94 160
94 90
95 195
95 86
95 194
96 195
96 178
97 164
98 122
98 127
99 122
99 140
100 130
101 92
101 165
101 152
101 168
102 86
103 181
103 156
104 150
104 188
105 168
106 189
107 138
107 177
107 109
107 196
108 146
108 165
109 107
109 139
110 192
110 136
110 184
111 159
111 173
112 182
112 191
112 117
112 119
113 195
113 120
113 183
114 195
114 181
114 127
114 85
114 177
114 145
114 174
115 172
115 165
116 181
116 190
116 198
116 87
116 142
116 158
117 194
117 112
117 159
118 168
119 112
120 180
120 113
121 190
121 192
122 181
122 92
122 98
122 168
122 99
123 174
123 176
123 151
124 126
124 143
125 142
125 174
126 194
126 164
126 124
127 114
127 142
127 133
127 177
127 172
127 186
127 197
127 98
127 130
128 171
128 175
129 180
129 182
129 133
129 143
130 154
130 127
130 100
130 193
131 166
131 186
132 142
133 129
133 127
134 188
135 188
136 110
137 170
137 167
138 191
138 107
138 155
139 190
139 192
139 145
139 146
139 109
140 170
140 150
140 99
141 143
142 127
142 116
142 125
142 179
142 132
143 129
143 163
143 124
143 141
144 92
145 139
145 114
146 139
146 108
146 93
146 171
147 172
148 160
148 90
149 198
149 171
150 180
150 165
150 154
150 104
150 156
150 187
150 140
150 509
150 544
151 123
152 192
152 101
153 92
153 195
153 157
154 150
154 188
154 130
155 138
155 193
156 103
156 150
157 153
158 116
158 176
158 159
159 117
159 158
159 111
160 94
160 86
160 162
160 148
161 163
161 175
162 160
163 143
163 161
164 126
164 97
165 150
165 101
165 115
165 108
165 185
166 183
166 131
167 196
167 137
168 122
168 101
168 118
168 105
169 90
169 180
170 189
170 140
170 137
171 146
171 128
171 149
172 127
172 89
172 115
172 147
173 111
174 114
174 125
174 123
175 161
175 128
176 123
176 158
177 127
177 114
177 107
178 96
178 183
179 142
179 194
180 182
180 129
180 92
180 190
180 150
180 89
180 120
180 169
181 182
181 116
181 94
181 114
181 86
181 85
181 122
181 103
182 180
182 129
182 181
182 198
182 112
183 113
183 166
183 178
184 110
185 165
186 127
186 197
186 188
186 131
187 150
188 186
188 154
188 104
188 135
188 134
189 85
189 191
189 170
189 106
190 180
190 116
190 139
190 121
191 195
191 189
191 138
191 112
192 195
192 139
192 110
192 121
192 152
193 130
193 88
193 155
194 95
194 179
194 117
194 126
195 198
195 192
195 114
195 191
195 153
195 95
195 113
195 96
196 90
196 107
196 167
197 186
197 127
197 88
198 116
198 182
198 195
198 89
198 91
198 149
199 226
199 241
199 209
199 230
199 215
199 261
200 209
200 239
200 260
201 267
201 253
201 235
202 272
202 292
202 238
203 280
204 296
204 237
205 211
205 267
205 223
205 273
206 213
207 274
207 219
208 232
208 210
208 214
209 280
209 199
209 248
209 212
209 200
210 243
210 252
210 249
210 277
210 208
211 232
211 265
211 290
211 267
211 242
211 229
211 205
211 236
212 209
212 227
212 255
213 247
213 285
213 206
214 285
214 208
215 199
215 280
216 227
216 220
216 224
217 234
218 290
218 239
219 207
219 221
220 227
220 275
220 216
220 256
220 288
220 260
221 250
221 219
222 290
222 247
222 224
223 205
224 222
224 216
225 232
225 290
225 243
225 285
225 296
226 252
226 241
226 199
226 291
226 276
226 293
226 284
226 271
227 272
227 286
227 212
227 220
227 216
228 248
229 211
229 258
229 288
230 199
230 268
230 266
230 254
231 242
232 265
232 225
232 211
232 289
232 235
232 278
232 294
232 233
232 208
232 264
233 232
233 255
233 263
234 260
234 217
235 232
235 201
235 269
235 286
235 250
236 211
237 252
237 204
237 244
238 202
239 218
239 200
240 283
241 226
241 272
241 270
241 199
241 273
241 254
242 211
242 272
242 231
242 271
243 265
243 225
243 210
243 282
243 259
244 237
244 259
245 274
245 269
245 292
245 248
246 289
246 262
247 258
247 222
247 269
247 213
247 283
247 275
248 245
248 209
248 275
248 287
248 228
249 290
249 210
249 257
250 235
250 221
251 272
251 290
251 266
252 290
252 210
252 226
252 270
252 237
253 201
254 241
254 230
254 281
255 212
255 233
256 220
257 272
257 249
258 265
258 247
258 229
259 243
259 244
260 200
260 220
260 234
261 199
262 246
263 295
263 233
264 232
265 232
265 211
265 243
265 258
265 296
266 251
266 230
267 290
267 211
267 201
267 279
267 205
268 230
268 291
268 295
269 235
269 247
269 274
269 245
270 241
270 252
271 226
271 242
272 241
272 280
272 242
272 291
272 227
272 251
272 202
272 257
272 20
272 544
272 509
272 566
272 600
273 205
273 241
274 269
274 245
274 207
274 293
275 247
275 248
275 220
276 226
277 210
278 232
279 267
280 272
280 209
280 203
280 215
281 254
282 243
283 247
283 240
284 226
285 225
285 213
285 214
286 227
286 235
287 248
288 220
288 229
289 232
289 246
290 225
290 211
290 252
290 222
290 267
290 218
290 249
290 251
291 226
291 272
291 268
291 295
292 202
292 245
293 274
293 226
294 232
295 268
295 291
295 263
296 265
296 225
296 204
297 339
297 299
298 303
298 300
298 383
299 387
299 362
299 297
299 346
300 298
300 303
300 386
300 356
301 386
302 384
303 298
303 385
303 300
303 325
303 387
303 377
303 335
303 375
304 370
304 334
304 378
304 361
305 321
305 358
306 385
306 338
306 379
306 324
307 387
307 347
307 381
308 385
308 359
309 362
310 386
310 331
311 334
312 368
312 334
312 385
312 377
312 329
313 371
313 390
313 315
313 351
314 332
314 338
315 313
315 352
316 337
316 367
317 388
318 339
318 361
319 345
319 365
319 381
320 356
320 340
320 369
321 339
321 305
322 371
323 377
324 306
325 385
325 303
325 331
325 327
325 340
325 352
325 341
325 332
326 368
326 344
326 357
327 347
327 325
327 366
327 345
327 339
327 384
327 330
327 358
328 352
329 312
329 351
330 327
330 357
330 364
330 359
331 370
331 325
331 387
331 386
331 338
331 310
331 380
332 371
332 325
332 345
332 362
332 314
333 350
334 368
334 312
334 311
334 382
334 304
335 303
335 347
336 366
336 380
337 347
337 387
337 316
338 331
338 382
338 306
338 314
339 368
339 327
339 321
339 318
339 297
339 363
340 325
340 365
340 389
340 320
341 325
341 371
341 372
341 373
342 362
342 347
342 383
343 375
343 377
344 368
344 326
345 327
345 332
345 319
345 348
346 299
347 370
347 387
347 335
347 327
347 337
347 307
347 342
348 345
349 390
350 366
350 333
351 385
351 313
351 329
352 325
352 374
352 315
352 384
352 355
352 388
352 328
353 382
354 374
355 352
356 300
356 320
357 326
357 330
358 327
358 361
358 305
359 330
359 308
360 384
361 318
361 304
361 358
362 332
362 385
362 342
362 309
362 299
363 339
364 330
365 340
365 319
365 566
366 327
366 350
366 388
366 336
367 385
367 316
368 334
368 312
368 374
368 326
368 344
368 378
368 339
368 376
369 320
370 371
370 331
370 347
370 304
371 385
371 370
371 313
371 390
371 341
371 332
371 322
372 341
373 341
373 386
374 368
374 352
374 354
375 303
375 343
376 368
376 379
377 303
377 312
377 343
377 323
378 368
378 304
379 306
379 376
380 331
380 336
381 307
381 319
382 334
382 385
382 353
382 338
383 298
383 342
384 352
384 327
384 302
384 360
385 303
385 312
385 371
385 325
385 382
385 308
385 306
385 351
385 362
385 367
386 331
386 300
386 310
386 373
386 301
387 331
387 303
387 347
387 337
387 307
387 299
388 366
388 352
388 317
389 340
390 313
390 371
390 349
391 456
391 394
391 433
391 431
391 430
391 410
391 437
392 464
392 421
392 417
392 462
392 408
393 433
393 442
393 430
393 444
393 411
393 509
394 456
394 391
394 457
394 452
394 458
394 401
394 414
394 425
395 425
396 452
396 453
396 469
397 445
397 407
397 466
398 413
398 442
398 426
399 440
399 473
399 416
399 461
400 447
400 429
400 438
400 448
401 394
401 419
402 414
403 442
403 446
403 426
404 431
404 418
404 474
405 473
405 444
405 470
406 431
407 412
407 434
407 397
408 392
409 428
410 391
410 458
410 462
410 420
411 393
411 443
412 451
412 470
412 407
412 465
413 431
413 398
414 464
414 394
414 402
414 455
414 423
415 427
416 399
417 392
417 418
417 467
418 464
418 459
418 472
418 404
418 417
419 401
420 410
420 422
421 392
421 435
422 431
422 442
422 420
423 414
424 463
424 434
425 394
425 427
425 454
425 395
426 403
426 398
426 460
427 463
427 425
427 415
427 475
428 469
428 434
428 409
429 400
429 438
430 391
430 393
430 463
431 453
431 391
431 413
431 406
431 422
431 404
431 475
432 462
432 460
433 391
433 451
433 468
433 393
433 466
433 448
434 459
434 424
434 428
434 407
434 445
435 421
435 451
436 459
436 471
437 391
437 473
438 429
438 400
439 448
440 442
440 446
440 399
441 450
441 469
442 393
442 440
442 403
442 398
442 422
442 445
443 411
443 456
444 446
444 393
444 405
444 461
445 434
445 442
445 450
445 397
446 440
446 403
446 444
447 458
447 400
447 449
448 400
448 433
448 439
449 447
450 445
450 441
451 433
451 464
451 412
451 435
452 394
452 456
452 396
453 459
453 431
453 396
454 425
455 414
456 394
456 391
456 464
456 452
456 473
456 443
457 394
458 468
458 394
458 473
458 410
458 447
459 464
459 453
459 418
459 434
459 436
460 426
460 432
461 444
461 399
462 392
462 410
462 432
463 430
463 424
463 427
464 456
464 451
464 459
464 414
464 418
464 392
465 412
466 397
466 433
467 417
468 433
468 458
469 396
469 428
469 441
470 405
470 412
471 436
472 473
472 418
473 456
473 458
473 399
473 405
473 472
473 437
473 474
474 404
474 473
475 427
475 431
476 517
476 488
476 491
476 480
477 506
477 510
477 494
477 488
478 511
478 482
478 493
478 518
479 487
479 494
479 499
480 483
480 476
481 490
481 518
482 478
482 515
482 492
482 496
482 503
483 494
483 480
484 517
485 513
485 507
485 504
485 489
486 500
486 515
487 497
487 479
487 516
488 477
488 476
488 504
488 489
489 485
489 488
490 517
490 506
490 511
490 512
490 510
490 481
490 500
491 476
491 493
492 482
493 478
493 513
493 505
493 491
494 477
494 483
494 479
495 511
496 507
496 482
497 513
497 487
498 511
498 510
498 508
498 501
499 479
500 490
500 486
500 509
500 503
501 498
502 504
503 500
503 482
504 485
504 488
504 502
505 493
506 517
506 490
506 515
506 477
507 485
507 496
508 498
509 500
509 150
509 393
509 272
510 490
510 477
510 498
511 490
511 478
511 513
511 498
511 514
511 495
512 490
512 517
513 493
513 511
513 485
513 497
514 511
515 506
515 482
515 486
516 487
517 490
517 506
517 512
517 476
517 484
518 481
518 478
519 520
519 522
519 551
519 536
519 521
520 530
520 533
520 543
520 519
520 544
520 546
521 544
521 519
522 519
522 523
523 543
523 530
523 542
523 552
523 522
523 531
524 530
525 552
525 538
525 532
526 542
526 531
527 552
528 533
528 540
528 547
528 549
529 544
529 539
530 520
530 523
530 542
530 540
530 524
531 523
531 526
531 553
532 543
532 525
532 551
533 520
533 528
533 537
534 535
534 540
535 540
535 534
536 519
537 533
537 549
538 542
538 525
539 529
540 530
540 528
540 547
540 544
540 550
540 535
540 534
540 553
541 544
542 523
542 530
542 538
542 526
543 520
543 523
543 532
544 540
544 520
544 529
544 541
544 521
544 272
544 150
545 547
546 520
546 548
547 540
547 528
547 552
547 545
548 549
548 546
549 537
549 528
549 548
550 540
551 532
551 519
552 547
552 523
552 527
552 525
553 531
553 540
554 571
554 568
555 567
555 560
556 572
556 567
557 562
557 565
557 571
558 568
558 562
559 572
559 560
560 562
560 559
560 563
560 555
561 562
561 570
561 567
562 557
562 561
562 568
562 560
562 567
562 558
563 560
563 570
564 567
564 566
565 557
565 572
566 568
566 564
566 365
566 272
567 561
567 562
567 564
567 556
567 555
568 562
568 572
568 569
568 558
568 554
568 566
569 568
570 561
570 571
570 563
571 557
571 570
571 554
572 568
572 565
572 559
572 556
573 580
573 587
573 592
573 586
574 602
574 605
574 607
574 587
574 604
574 601
575 605
575 587
576 593
576 585
577 605
577 578
577 608
578 579
578 577
579 609
579 597
579 578
580 602
580 573
580 594
581 610
581 594
582 611
582 599
583 603
584 587
584 606
585 576
586 573
587 574
587 607
587 611
587 609
587 575
587 573
587 592
587 584
587 591
588 605
588 610
588 598
589 592
589 609
590 609
591 587
592 587
592 573
592 589
593 611
593 604
593 576
594 611
594 580
594 581
594 599
595 606
595 599
596 601
597 605
597 579
598 610
598 588
598 603
599 594
599 582
599 595
600 611
600 272
601 574
601 605
601 596
602 574
602 605
602 580
603 598
603 583
604 574
604 593
605 574
605 602
605 588
605 575
605 597
605 577
605 601
606 584
606 595
607 574
607 587
607 611
608 577
609 611
609 587
609 579
609 589
609 590
610 588
610 581
610 598
611 587
611 607
611 609
611 582
611 594
611 593
611 600
